4
30
1
5
5
25
25
5
1
0
750
0.0297774561 0.160400674 0.207945824 0.193160906 0.289654821 -0.136215791 0.143994182 0.260392815 0.267137706 0.19366926 -0.34187296 -0.152604923 -0.0511197299 -0.0914638117 -0.182458505 -0.338272274 -0.250509202 -0.297938466 -0.322099328 -0.328560412 -0.168863654 -0.181120887 -0.239392847 -0.137307182 0.0368430056 -0.0995821655 0.307741821 0.404590726 0.197233155 0.0614320226 -0.16892989 0.407297671 0.672222733 0.315879375 -0.190487161 -0.128948674 0.456314445 0.527643263 0.0487480722 -0.519811332 0.0634094179 0.472542673 0.377824068 0.0478164069 -0.391425461 0.143563315 0.270721406 0.235070944 -0.081074886 -0.464846939 0.0131231844 -0.032541234 -0.0709152818 -0.0616099648 -0.0337725654 -0.0485001616 -0.0854577273 -0.078144677 -0.00930499472 0.0386670344 -0.00558135007 0.0346354917 0.119152248 0.149280176 0.0832476988 0.0640199706 0.109884299 0.0880237669 -0.00509267673 -0.0540586673 -0.00618135929 -0.038118735 -0.0948977098 -0.114198744 -0.0482744575 -0.0459603518 0.12127573 0.33555001 0.219096363 -0.06413275 -0.32149446 -0.0577157773 0.320852071 0.495732158 0.383316338 -0.414038181 -0.280802488 -0.0460105129 0.37194857 0.591584325 -0.351659179 -0.335193038 -0.431933433 -0.285067737 0.101706386 -0.171675906 -0.252683997 -0.441066533 -0.447471917 -0.20186767 0.00491981721 -0.00283702137 0.000411871239 -0.00517093018 -0.00962986238 -0.00450196769 -0.00249610865 -0.00631250627 -0.00319640012 -0.00763431843 -0.00419395976 -0.00121811824 -0.00474876165 -0.00792998821 -0.00856745802 -0.00562758651 -0.00616132561 -0.0032493535 -0.00786395837 -0.00169324456 -0.00459017185 -0.00163511047 0.00112051703 0.00316237798 -0.0015563136 -0.15705137 -0.0167728178 0.18526417 0.321964979 0.185164452 0.164004371 0.369204283 0.381134242 0.176395908 -0.207027957 0.198419079 0.163657933 -0.0699201152 -0.278732419 -0.371271878 -0.0753574297 -0.215344906 -0.319346607 -0.288477808 -0.131699026 -0.196032524 -0.240221575 -0.209108815 -0.0606841184 0.18024002 0.0773478746 0.152431428 0.16379866 0.0755849928 -0.0414532721 0.0828154609 0.0311891064 -0.0775424764 -0.118935116 -0.115785837 -0.031717021 -0.0952498838 -0.0987183899 -0.0675284415 -0.0248541925 -0.061779283 -0.0674162805 -0.0488605797 -0.014807459 0.0214739535 -0.0466167107 -0.0245168656 0.0107357157 0.0417710207 0.0402699634 0.000141195953 -0.00989982486 -0.0182669424 -0.0127488468 -0.014826471 -0.0047215037 -0.0080275638 -0.00454453705 -0.0135573726 -0.0102738803 -0.00460296171 0.00140997954 -0.00268767402 -0.00627631135 -0.00984871853 -0.00731293065 -0.00459924852 -0.000918204896 -8.16006213e-05 0.000349448994 -0.00241821073 0.000285665505 0.00260003656 0.006364014 0.00531243812 0.0187928341 0.0981355906 0.101358868 0.0333612487 0.140920743 -0.0937735736 0.199960947 0.325255603 0.310290456 0.276052654 -0.292747378 -0.0308902543 0.110788882 0.0902476683 -0.0349559486 -0.383207649 -0.272609681 -0.276086718 -0.286089182 -0.36862725 -0.2099002 -0.22797668 -0.306136549 -0.223774105 -0.0684169978 -0.529457808 -0.704431236 -0.507131994 -0.341589451 -0.206919685 -0.3131046 -0.84803921 -0.778332114 -0.559755206 -0.385269493 0.326896548 0.0290047098 -0.0484072119 -0.0402295552 -0.0542677753 0.734858632 0.831885099 0.698141098 0.601734757 0.264065504 0.372262657 0.502362847 0.465931416 0.408914775 0.285094798 0.245380893 0.392160684 0.290902376 0.234115958 0.257708222 -0.143699393 0.0646574497 0.134942472 0.263122886 0.342316031 -0.399920404 -0.25415051 -0.135187373 -0.0457520261 0.122000389 -0.301344007 -0.288365632 -0.357153058 -0.395551234 -0.23194021 -0.0686788037 -0.169116244 -0.220370665 -0.15954335 -0.0502723642 0.364514589 0.42018646 0.393525243 0.445807368 0.467528164 0.178898603 0.317292988 0.291166961 0.183485195 -0.0811566114 -0.311638236 -0.210641325 -0.219419509 -0.365922034 -0.564482987 -0.44360882 -0.411135852 -0.496968776 -0.487879425 -0.331341743 -0.284967303 -0.34237355 -0.310730696 0.0193041135 0.33112976 -0.59282887 -0.569694877 -0.329468995 -0.190411419 -0.054814931 -0.357031554 -0.812799215 -0.697437525 -0.560623288 -0.546719134 0.30516386 -0.0776225477 -0.323988616 -0.510502994 -0.59194392 0.696917057 0.763282418 0.527987123 0.237417608 -0.142713979 0.40755415 0.557449222 0.588980615 0.516911089 0.314672381 -0.569258809 -0.120118923 0.183763951 0.401202142 0.107108854 -0.664201021 -0.0847154632 0.496643394 0.634956837 0.0175734684 -0.537105441 0.0966177881 0.587655842 0.389957488 -0.352102757 -0.145367295 0.271857947 0.456419349 0.175036758 -0.294136286 0.114319757 0.194884881 0.126216888 -0.0542083345 -0.373050988 -0.00307199196 -0.00834105071 -0.0141340075 -0.0173916817 -0.013393377 0.000459088013 -0.0054737851 -0.00841467176 -0.0170484968 -0.0192597136 -0.00978280976 -0.0047905934 -0.00622893404 -0.00759651978 -0.00877250452 -0.00923692901 -0.00167318177 0.00297153392 0.00264417264 -0.00100818567 -0.0112827457 -0.00429637637 0.00249478058 0.00371964695 0.00654943381 0.114334434 0.322621495 0.380320668 0.143838435 -0.136785701 -0.212042496 0.030096814 0.321119696 0.470406771 0.344071746 -0.34923476 -0.244350716 -0.0124650877 0.381575882 0.653893232 -0.231955856 -0.279705793 -0.440805197 -0.260214627 0.334299117 -0.0363316461 -0.221345127 -0.485589474 -0.438595235 0.0305851679 0.00753820408 -0.00223329361 -0.00994185638 -0.00983793661 -0.0209767446 -0.00404398562 -0.000981488731 -0.00513738906 -0.0064017917 -0.00427009026 -0.00784893427 -1.46368438e-05 -0.000597769802 0.00419927994 0.00493629137 -0.0042223474 -0.00582997734 0.00444366457 0.00369085604 0.00337785878 -0.00395784993 -0.00106552895 -0.00672345329 -0.00460576313 0.000932621362 0.0277416706 0.1715215 0.155702695 0.00911143702 -0.040028885 0.0757925883 0.32669875 0.348592132 0.384737521 0.350124449 -0.104990982 -0.00448904745 0.111602314 0.277640492 0.457953691 -0.246673107 -0.289475977 -0.372672886 -0.286009669 0.149613723 -0.179542229 -0.313648045 -0.417816788 -0.351656199 -0.0124621922 0.185960278 0.354838729 0.308830678 0.247745991 0.21732679 0.269334942 0.353762656 0.228828996 0.228461325 0.298761874 -0.071598582 -0.145446599 -0.0875965133 0.0131956367 0.249300256 -0.387544215 -0.329701334 -0.270456165 -0.278897732 0.0344295427 -0.234080255 -0.161508948 -0.154383481 -0.211887106 -0.0829539225 -0.00180275971 -0.0133491177 -0.0208360311 -0.021063149 -0.0218401551 -0.00641260715 -0.00314543024 -0.00800646469 -0.0147828041 -0.0187687576 -0.00264379196 -0.00804045796 -0.00392450206 -0.00436407141 0.000218457542 -0.0103775458 0.00200399477 0.00174593367 0.00337255187 0.00370983128 -0.00333912345 -0.00178206153 0.00517715141 0.000982088037 0.00140302815 0.237160802 0.433601767 0.388936669 0.295795321 0.201228291 0.236792311 0.309242368 0.219754428 0.230070934 0.308748215 -0.156779498 -0.223602638 -0.15977174 0.00404768391 0.297240555 -0.358614922 -0.333475441 -0.272094399 -0.221060783 0.102268547 -0.141193137 -0.0646183267 -0.0875048265 -0.148272783 -0.0302662365 0.168227375 0.293128133 0.293961406 0.235637069 0.330398828 -0.187530488 0.108292356 0.216562733 0.268875808 0.282704175 -0.42780906 -0.218515635 -0.0894177184 -0.0432813503 -0.073970437 -0.3969208 -0.307821065 -0.365576148 -0.389682919 -0.396235466 -0.174369499 -0.226653397 -0.290957719 -0.202462479 -0.0528388247 -0.465137154 -0.0937618315 0.206320629 0.449242413 0.123410478 -0.39972049 -0.016105989 0.419225425 0.655101359 0.0519102998 -0.253773004 -0.0559469759 0.281987727 0.375916362 -0.163616464 -0.121188074 -0.0237961952 0.216841862 0.284281105 0.0620540529 -0.0410544053 -0.0236166194 0.151534423 0.173615754 0.0302150846 0.126138583 0.203626558 0.117980964 0.040258579 0.145051882 -0.0228995495 0.204727739 0.226984054 0.316521704 0.434817702 -0.234735101 -0.0249769706 0.0869010985 0.179978639 0.235866323 -0.347638756 -0.254411519 -0.296848565 -0.342583209 -0.233652487 -0.222981945 -0.291357398 -0.414843619 -0.371983051 -0.194864243 0.110824578 0.147716716 0.0826425552 0.0668105185 0.21610865 0.00906689186 0.267217547 0.30549866 0.31705606 0.338491231 -0.255213499 0.00562139368 0.1389658 0.0840372145 -0.0422968641 -0.424888641 -0.273013204 -0.290080011 -0.339299649 -0.4138017 -0.295860201 -0.330408126 -0.429316163 -0.330279857 -0.152512327 -0.182005405 -0.302091926 -0.317965001 -0.188396901 0.0421279855 0.0446571968 0.34137851 0.439878672 0.476366758 0.473507375 0.278837055 0.544314742 0.504480183 0.287031382 0.231566966 -0.0278740935 -0.093190074 -0.278937846 -0.380138218 -0.164620146 -0.261953533 -0.497001231 -0.528748631 -0.351433843 -0.0343737938 -0.00712797511 -0.010729759 -0.0188165866 -0.0164929237 -0.00543240365 -0.00601127651 -0.005652152 -0.00592281856 -0.00229647616 -0.00679603871 3.20305116e-05 0.000937849749 -0.00285975635 -0.00485414546 -0.00177073618 -0.00312470412 -0.00150460377 0.00207844283 -0.00253576599 -0.00787902717 -0.0127935763 -0.00529340515 -0.0129244495 -0.00906801317 -0.00166955218 -0.0136438217 -0.118143588 -0.227515236 -0.195328355 0.0269376021 0.0669274628 0.225919887 0.274638087 0.301171601 0.349656999 0.0238272604 0.305734634 0.405759603 0.3246907 0.129731253 -0.294245958 -0.199033901 -0.175805986 -0.206177503 -0.32808134 -0.37168932 -0.384164423 -0.413279295 -0.312937409 -0.196288079 0.118306704 0.233815551 0.189201191 0.218570977 0.282623887 0.246980518 0.401733428 0.241115272 0.223834306 0.258812636 -0.0574266799 -0.0646958575 -0.100321062 -0.139025658 -0.0604032949 -0.345722944 -0.345818937 -0.297794074 -0.319276899 -0.234636575 -0.230144456 -0.219272286 -0.130923823 -0.0422364213 -0.0180575997 -0.00399911683 -0.0126231611 -0.0135452729 -0.0172104891 -0.0206981972 0.00206063781 -0.00223282352 -0.00743668992 -0.0152925309 -0.0181100275 -0.00130618177 0.00255078985 -0.000812304381 0.0013435185 -0.000612234406 -0.00946769584 -0.00474955793 0.00427948404 0.000563941314 0.00623064209 -0.00785323326 -0.00545293745 0.00147039304 0.00315453252 0.00265112729
