4
30
1
5
5
25
25
5
1
0
750
-0.386568159 -0.538767338 -0.428287029 0.095382981 0.380791903 -0.472771704 -0.39279598 -0.137952998 0.306561857 0.414332509 -0.472073495 -0.276088566 0.119389169 0.365973741 0.327469558 -0.314232647 -0.00513669848 0.31051898 0.359629244 0.250432104 0.0614917316 0.31535241 0.37636593 0.304780364 0.148497209 -0.155603826 -0.271025687 -0.253464073 -0.276884288 -0.198843062 -0.052069746 -0.126189634 -0.135859758 -0.120185055 -0.0177708399 0.17249009 0.140380278 0.123387761 0.161648288 0.196434617 0.27326867 0.276392877 0.245180115 0.257341266 0.23249349 0.180095717 0.202274829 0.176105425 0.219278172 0.218380541 -0.117969081 -0.0419776849 0.0277945157 0.0933756828 0.0480866134 -0.0302898269 0.0720275268 0.137692124 0.163248003 0.0908071697 0.0758040249 0.145223707 0.146288306 0.145190313 0.0647976995 0.143185884 0.157568216 0.145694509 0.116800241 0.0812910572 0.080132477 0.11147888 0.110078119 0.12590608 0.0679472759 0.124325328 0.215077922 0.0635580942 -0.115760118 -0.171147496 0.177061349 0.29379335 0.246637195 0.0273054652 -0.124645956 0.0304924045 0.196209669 0.315093786 0.235012874 0.104042962 -0.235152274 -0.105727762 0.121780232 0.276613265 0.240392119 -0.26516363 -0.160554498 -0.0252635255 0.168131694 0.261734515 0.0205247831 0.119680457 0.140722528 0.0685006231 -0.0178894419 0.0570790209 0.145020187 0.157979235 0.0863536969 -0.0101859923 0.0634498522 0.164109141 0.187197849 0.1207202 0.0323705189 0.0289056785 0.152552128 0.16258882 0.0863598511 0.00541255577 0.0283252187 0.141014576 0.162387535 0.0639011487 -0.0529138558 0.0982473195 0.209842905 0.116184689 -0.0959081054 -0.245915726 0.130187124 0.273897231 0.159779772 -0.0950177312 -0.241729811 0.0737608448 0.197740287 0.195401728 0.0979131013 0.0658344105 -0.0384815559 0.0898011923 0.198540807 0.25887993 0.264762342 -0.0799447224 0.00257957866 0.0841587633 0.177866444 0.197168857 -0.174979776 -0.258038372 -0.11359372 0.185648575 0.230456397 -0.260008126 -0.196113274 0.0710269362 0.329136968 0.221103966 -0.19382228 0.0347061604 0.261909127 0.288676411 0.0444872193 0.0865425915 0.249759704 0.269593149 0.170329213 -0.0535242558 0.206594884 0.227692574 0.153429702 0.045150049 -0.103681765 0.0766847879 0.129392952 0.0685432702 0.0508267358 0.00892030727 0.1294505 0.161039636 0.140243471 0.095717214 0.0251100212 0.118012674 0.162072271 0.171883643 0.127811611 0.0998310968 0.00767355645 0.0586070381 0.134099528 0.157629028 0.151013002 -0.0975363329 0.00209865067 0.0870874748 0.134838864 0.0709096789 0.0126834586 0.160764217 0.15326865 0.153851464 0.079511255 0.0163028352 0.132297665 0.156620637 0.13376987 0.0226197932 -0.0133959008 0.101935118 0.171507061 0.129129887 0.0167628545 -0.0615790188 0.0729956999 0.189030796 0.169471666 0.0856880546 -0.0707075521 0.073244594 0.182256207 0.188355029 0.098249875 -0.173197344 -0.275570065 -0.124655828 0.171410799 0.257632107 -0.357899189 -0.32491231 -0.0442578457 0.273167312 0.310991317 -0.380815297 -0.151375234 0.186442122 0.338938296 0.209066316 -0.0356500857 0.191440806 0.304115027 0.286717057 0.10418018 0.218116149 0.274007738 0.220484555 0.127745613 0.017722059 0.0353148058 0.061230056 0.0920263678 0.171859533 0.168088734 0.145230025 0.210963964 0.218701243 0.256084681 0.246851712 0.248139143 0.216895401 0.126612425 0.152337089 0.185795531 0.120673619 -0.0366680548 -0.135176718 -0.128040969 -0.0426460207 -0.120586902 -0.256110907 -0.266923547 -0.262673467 -0.162101388 -0.0256417636 0.0283462051 -0.00692328811 -0.0237721838 -0.0423480086 0.158415124 0.163389698 0.136222303 0.101738155 0.0456895754 0.234600231 0.209565729 0.204012379 0.187630057 0.173424989 0.0683265254 0.0619106069 0.100055844 0.166689649 0.208046615 -0.103780046 -0.0518516153 -0.00721905474 0.12462984 0.189968884 0.0780801028 0.283596247 0.368822932 0.346295983 0.168730646 -0.222205654 -0.0282012299 0.290691435 0.425930172 0.239081576 -0.406980366 -0.343037546 0.0844391212 0.429097593 0.322588295 -0.439694643 -0.439173609 -0.0183434859 0.448165357 0.387411654 -0.417936593 -0.395428538 -0.0530645028 0.313614547 0.335672289 0.143788755 0.147844791 -0.0132864583 -0.173975527 -0.197549105 0.192838743 0.289394647 0.12557371 -0.0993596613 -0.209210455 0.0975012034 0.253279716 0.23429589 0.0664785206 -0.0537181124 -0.0817345455 0.108421527 0.244487807 0.23205331 0.154276833 -0.099584654 0.0428181104 0.171040982 0.21794416 0.185118735 0.00514665945 -0.00458184443 -0.00684069935 -0.00778694078 -0.0079200482 -0.00356017216 -0.0006871121 -0.00704136118 -0.00135197118 -0.00271749077 -0.00418443093 -0.00785052776 -0.00587492483 -0.00274753664 0.00510535156 -0.00661972165 -0.00328396074 -0.00956506841 -0.00803200621 -0.000197419664 -0.00661206013 -0.000245043077 -0.000817683525 -0.00101472368 -0.00274151075 0.0340776555 0.0739197284 0.076383695 0.12242686 0.10665185 0.0662491247 0.127892017 0.132934898 0.161206201 0.101265743 0.13452436 0.213356569 0.168548495 0.0965194106 0.0250683166 0.162374154 0.223179162 0.0794305354 0.00332455337 -0.0508949645 0.117485002 0.131191894 0.0113214329 -0.0526098013 -0.111191459 -0.0326377563 0.0126342382 0.0703463182 0.113863774 0.111222178 0.162358686 0.22389771 0.241202578 0.257700771 0.25980401 0.254665226 0.227707207 0.164095387 0.187334657 0.238159806 0.0235105436 -0.0836283341 -0.156272635 -0.143565997 -0.00505120726 -0.241851002 -0.328306168 -0.326115668 -0.297537267 -0.154351398 0.0830596164 0.313488662 0.344636589 0.111289904 -0.187238306 0.182822138 0.397051126 0.272294909 -0.154834941 -0.386593878 0.299727678 0.443419635 0.183091342 -0.369864315 -0.489416778 0.351424664 0.406083852 0.033299569 -0.45744127 -0.451352417 0.377104998 0.349326015 -0.0898169801 -0.396638215 -0.38545832 -0.00489404006 -0.00504170917 -0.000520643778 -0.00944150519 -0.00757335778 -0.00677377451 -0.0028346004 -0.00679136347 -0.00411839923 -0.00676161703 -0.00445497362 -0.00199430715 -0.00782974064 -0.00984118786 -0.00668428652 -0.00713608786 -0.000893072225 -0.00662256312 -0.00802318938 -0.00287111895 -0.0030645933 -0.00478599034 0.00244542258 -0.0018925285 -0.00490610395 -0.0217353702 0.124487221 0.184551105 0.230741397 0.1335444 -0.13005051 0.0521190688 0.181648746 0.213990971 0.0793423802 -0.101736605 0.0224702526 0.17289041 0.220924959 0.0630545244 -0.0569238812 0.0264548901 0.187802583 0.214629024 0.0847478509 -0.0447376668 0.0573631935 0.17086792 0.201911271 0.110091321 -0.209187791 -0.181462243 0.029969627 0.253425568 0.22683005 -0.295232534 -0.151071444 0.0898798555 0.264656782 0.234077156 -0.171939418 -0.0536970459 0.134253427 0.265100002 0.200488493 -0.0704420954 -0.0309676565 0.0956229419 0.238549903 0.204896197 -0.0260721501 -0.000604306173 0.105939247 0.228801176 0.200864777 -0.000203163363 -0.00619998761 -0.00628039986 -0.00586379506 -0.00785314292 -0.00526859146 -0.00017975099 -0.00905470084 -0.00901568867 -0.0025896763 -0.00440940028 -0.00429752143 -0.00958098937 -0.00757638039 -0.00662600528 -0.00420657173 -0.00720813964 -0.00222475175 -0.00916159339 -0.00486405846 -0.00282678008 -0.00171129825 -0.00637309998 -0.000147362967 -0.00544557627 0.0408006571 -0.116506942 -0.319962323 -0.356072098 -0.261885077 0.213844821 0.0437517315 -0.278766334 -0.463919371 -0.456215233 0.285272539 0.258128464 0.00401889207 -0.23036553 -0.336476296 0.255989701 0.388594717 0.409894377 0.317686975 0.146340519 0.121035643 0.282455742 0.413594455 0.453791261 0.363322169 -0.0820854679 -0.166679665 -0.227197826 -0.335835963 -0.326863676 0.0910392478 -0.0304700285 -0.156642705 -0.221763387 -0.190219283 0.200599626 0.146292046 0.0885877833 0.0900780112 0.178040758 0.222845495 0.282056421 0.283989549 0.312270224 0.315275311 0.136418164 0.213463336 0.197278738 0.255797207 0.238559559 0.266873866 0.310490787 0.269663095 0.201593608 0.102184281 0.238215163 0.278450191 0.302992761 0.299488872 0.20305872 -0.0907483995 -0.0570264868 0.0603105836 0.231720582 0.253060669 -0.322859585 -0.311138362 -0.172829986 0.0506734848 0.174894556 -0.306794137 -0.309352309 -0.233318865 -0.122966386 0.0264090262 -0.115450181 0.0814059898 0.226076171 0.344436616 0.385181278 0.181805283 0.358350039 0.393004507 0.357181579 0.286079884 0.390705049 0.364862323 0.20634222 0.0276240874 -0.106847562 0.260005206 -0.0281063486 -0.317247927 -0.409479171 -0.411651403 -0.0739886314 -0.438411295 -0.510235548 -0.332738131 -0.138148442 0.0556493215 0.11124289 0.0861642435 0.087084882 0.0520894006 0.129606128 0.173975751 0.156816974 0.12774387 0.0979458317 0.14245753 0.185994372 0.193728596 0.165804297 0.146780774 0.033697363 0.0739182681 0.0985617861 0.075396046 0.0560583621 -0.0643044636 -0.00433142623 0.00521804113 -0.0386688635 -0.100589976 0.235386744 0.328610718 0.347461611 0.338273942 0.316693395 0.323057175 0.417413324 0.410835773 0.375724375 0.362292528 0.032679487 0.0855962634 0.104521766 0.0924243554 0.179982498 -0.439105779 -0.433588535 -0.419712901 -0.390663534 -0.166839823 -0.499723881 -0.47149539 -0.433150619 -0.398510844 -0.220491782 -0.0696973875 0.146624207 0.249223456 0.210649967 0.0478475764 -0.110956691 0.155763358 0.252685547 0.153426498 -0.0600943714 -0.0512167476 0.20499368 0.26222682 0.072728239 -0.151040792 0.0241230056 0.240747482 0.234706566 0.0389490724 -0.105822548 0.072684586 0.197946832 0.181422383 0.0278639924 -0.118148141 -0.197413966 -0.170362324 -0.095159471 0.106455237 0.14561756 -0.160204127 -0.0404910445 0.0671483129 0.199927703 0.147532091 0.131551534 0.151081666 0.181032613 0.180537745 0.0898420811 0.206126153 0.168157056 0.150418848 0.136377603 0.0785444975 0.0719002485 0.0863405392 0.0867903829 0.112916552 0.048462823
