1
256
1
0
256
<<<<<<< HEAD
1.27031398 0.922781348 0.731694877 1.14633536 0.999103308 0.966384888 0.950304329 1.15160179 0.85992831 1.02556741 0.996957123 1.19640136 0.527054131 0.739511728 0.856908381 0.433447272 1.13073981 1.28118396 1.03896701 0.807911158 1.23847246 0.72385937 0.749155104 0.972430527 0.771178603 1.1952275 0.964565396 0.947490513 0.829290271 0.991710186 0.717795968 0.953733504 0.884092987 1.00283337 1.45422554 0.984685659 0.94934392 1.1830107 1.3551029 0.854640603 1.14730275 0.840064347 0.889802754 1.25394487 1.30295146 0.772521555 0.871235371 0.973440111 1.0635004 1.13262331 0.796888649 1.11994886 1.06943762 0.781389058 1.19779015 1.02582765 0.887728691 0.913158596 0.874082088 1.44613862 0.734278321 1.16653347 1.08231509 1.12451422 2.06921911 0.955537498 0.957205117 0.773561478 1.00028992 0.943753064 0.829334319 0.991693556 1.16863418 1.57274246 0.741824508 1.25379038 0.965897322 0.71836257 0.556564331 1.21311212 0.900633991 1.27750146 0.788253963 1.62028229 1.29822993 0.855564415 0.665625155 0.78211987 1.54932058 0.935552001 1.11369371 0.692712724 0.852126479 1.43055665 0.977009296 1.1189729 1.36536598 0.840441585 1.18109214 1.18472028 1.06682134 0.834865689 0.746679723 0.99438262 0.878936946 0.610517621 0.879266381 0.570090175 1.10414314 1.17615199 1.18313086 0.917444825 1.00688314 0.988635778 0.614679396 0.603609085 1.20154047 0.973640501 1.41686118 1.02408695 1.11039674 0.878106177 0.878592551 1.24574268 0.74844408 0.784115195 1.37114084 0.727284253 0.81832242 0.913576722 0.702929735 0.98448962 0.983614028 0.916076362 0.845988691 1.58014143 0.793972313 1.06243873 1.6178596 0.970195591 0.956816137 1.07971334 1.10237765 0.85688436 1.18986857 0.759956658 1.29113019 0.690715551 0.847581983 0.943576753 1.08185792 0.526462376 1.25241148 0.858490765 0.940789938 0.529228747 1.30674314 1.1304785 1.01432216 0.506224632 1.1643213 0.89074868 0.532559633 1.49147952 1.34819722 0.896075726 0.776063383 0.995103717 1.46443141 1.00415051 1.12702882 1.37954855 1.1331284 0.906989753 1.04460454 1.20096636 0.979649186 1.13912809 0.838749111 1.1863749 1.47466075 1.12853515 1.22319138 1.44569862 0.933974922 0.969637871 0.780236959 0.871939242 1.38326967 1.174734 0.621408165 0.621476769 1.69889843 0.894553423 1.42013335 1.40910923 0.704589725 0.88105166 0.8752985 0.595435441 1.46227646 0.916660845 1.04777896 1.07057118 0.859471679 1.07985187 1.10421193 1.2355355 1.00107956 1.05895615 0.725313604 1.09989965 0.780394673 1.32186902 1.08761919 1.42216671 0.979451478 0.804616988 1.06070042 0.850147188 1.00750136 1.17254674 1.04597819 0.909008145 0.588528991 1.09850669 0.720773637 0.713468134 1.21672189 0.724845827 0.874743283 0.905766428 0.614182711 0.964478612 0.887820363 0.834797919 0.765556216 1.13143647 0.704552114 0.821811855 0.944782853 0.871948421 1.22918975 0.688263535 0.986169755 0.69394654 1.07276332 1.10097766 1.07033288 0.849694788 1.07300127 0.715724707 1.01971591 0.807616413 0.770811737 1.00583673
=======
1.26990831 0.925077915 0.733150125 1.14609909 0.997598529 0.964425862 0.952465951 1.15140843 0.863862872 1.02622819 0.995792449 1.1958698 0.520773232 0.738375127 0.857552528 0.437916279 1.1305716 1.28217447 1.03795433 0.8078174 1.23798501 0.720395803 0.752831519 0.974316478 0.769753397 1.19520438 0.960066676 0.940299451 0.828663468 0.992442429 0.717683375 0.95338577 0.883660734 1.00016963 1.45698178 0.986769438 0.9490062 1.18493891 1.35616565 0.857978463 1.1463089 0.841908514 0.889589906 1.25280035 1.3005631 0.771009862 0.87290585 0.970279396 1.06304419 1.13075948 0.798424006 1.1225549 1.06823301 0.78590852 1.1992501 1.02677763 0.893684447 0.915002346 0.873144031 1.446136 0.729308307 1.16584635 1.08184052 1.12843764 2.07228088 0.957694411 0.955581367 0.778159201 1.00191772 0.945020854 0.831975758 0.98798424 1.16863024 1.57878256 0.74447006 1.25535691 0.961729825 0.718178153 0.555893898 1.21099579 0.90328753 1.27666008 0.789748311 1.62370753 1.29855585 0.857026279 0.664454579 0.77827096 1.54932058 0.937824309 1.11160648 0.695380092 0.849086761 1.43049431 0.975894332 1.12051129 1.36422944 0.848679125 1.18136942 1.18776608 1.0683049 0.83763057 0.748417199 0.994288087 0.879539371 0.608926713 0.880367577 0.568524957 1.10834479 1.17580211 1.18186152 0.919668138 1.00717103 0.987922013 0.616030216 0.605686843 1.19685459 0.972632051 1.4219954 1.02575839 1.10841131 0.878343582 0.87229681 1.24498916 0.750563025 0.785510063 1.37114012 0.736607492 0.816515863 0.917126954 0.707673073 0.986202657 0.981578827 0.917548895 0.848023176 1.58014143 0.794585705 1.06485927 1.6208328 0.974993825 0.951782942 1.07769465 1.10682702 0.850786746 1.19012964 0.760960579 1.29478645 0.691973507 0.847003937 0.942606986 1.08545852 0.520389199 1.25106001 0.861751974 0.938661695 0.529142082 1.30428457 1.13103139 1.01371503 0.503784657 1.16427886 0.893299878 0.529717147 1.48916411 1.34848988 0.893719018 0.771808863 0.994939923 1.46443141 0.998676956 1.13237894 1.37948895 1.13533735 0.910125852 1.04180872 1.19935751 0.97932446 1.13960326 0.841898084 1.1866231 1.47445571 1.13072777 1.22186625 1.4362042 0.934577703 0.972337484 0.775092602 0.867430151 1.38326967 1.17479587 0.620883405 0.618260026 1.69778967 0.894204855 1.42081499 1.40910923 0.70144093 0.882546842 0.873182416 0.594899595 1.46339834 0.918985188 1.04902232 1.07339275 0.864040434 1.0719434 1.10819936 1.23553729 0.999104381 1.06384647 0.728216648 1.10585666 0.776781738 1.32102358 1.08645892 1.42022884 0.977597594 0.804320276 1.06106496 0.851298869 1.00643563 1.17288339 1.04668283 0.908672333 0.592160285 1.09577703 0.723157346 0.710710347 1.21370256 0.725648701 0.875570297 0.905958951 0.616606832 0.970024884 0.887225032 0.83341676 0.764312387 1.13077927 0.710643709 0.826375246 0.944738865 0.868974924 1.22891033 0.686735988 0.985992074 0.692506373 1.07173204 1.10143495 1.07183874 0.847619236 1.06995404 0.713985741 1.01869416 0.806785345 0.771481574 1.00394702
>>>>>>> 5284c517675de7d2afc87d6da1df59881285e7a9
