1
256
1
0
256
<<<<<<< HEAD
1.11512351 1.01022089 1.29868686 0.691079855 0.829111695 0.824836433 0.954968035 1.10067594 1.2294333 0.685974538 1.10518706 1.11567211 0.667920113 1.51125383 0.890169203 1.63638639 0.725869954 1.15324914 0.866355538 1.22533739 1.10473621 0.625378966 1.28224719 0.486837268 0.576839983 0.80527705 0.824436843 0.976244092 0.876265943 1.0499903 0.878195107 0.744808018 1.27276814 1.18400002 0.829515278 0.788524628 1.32452607 1.12641907 0.495655805 1.27317286 1.17928505 1.20377076 1.32688165 1.27722442 0.384825677 1.22491491 0.859327555 1.14436471 1.12786984 0.608303845 0.811493754 0.706577122 0.454395115 0.643513441 0.382920325 0.702010095 1.36546922 1.00770414 1.15660739 1.06633174 1.09032953 0.534325361 1.26158118 1.29247272 0.708503544 0.746716797 1.29064751 1.23974812 0.855175316 0.876943409 0.0354221277 1.16249025 0.856792808 1.1573391 1.33507848 1.11915624 1.33044267 0.610052168 1.16425431 0.317732871 0.693034291 1.12799954 1.13827395 1.10912788 1.53511524 1.38742077 0.898831785 1.16951323 1.07813108 1.33089805 0.857954264 1.13305557 0.748014033 1.09334397 1.33987379 1.05198848 0.998261392 0.859180748 1.30415463 0.719574869 1.23532879 0.813020349 1.23152351 0.968095958 0.978726923 0.741705298 0.929302931 0.866796672 0.849943221 1.1467787 0.983559608 0.984537125 1.15908217 1.17856789 0.169418231 0.7759794 0.494874299 1.20632613 1.28478527 1.19643641 1.28050601 1.0509001 0.724007666 1.29082513 0.98809588 0.927373827 0.831673026 1.07803273 1.12696445 0.951613784 0.853599072 1.26011145 1.25009859 0.968026221 0.518027127 0.967455745 1.34660876 0.47352609 1.08070028 1.27529728 0.687411308 1.09171426 0.773301125 0.67122525 1.09635723 -0.276642919 1.19780695 0.513740063 0.565276265 0.832078516 0.882046342 1.05846786 1.05636168 0.759275198 0.985517561 0.377592772 0.959103227 1.58514726 0.299849629 0.862095356 1.14247012 0.954084933 0.68247062 0.951582074 1.45609844 0.752622426 0.605433285 1.17603862 0.774688303 1.00038934 1.1887269 1.27349603 0.906574607 0.876873791 0.852380157 0.733956397 1.18561161 1.0066638 0.903452516 0.662748575 0.575514376 1.02031195 0.942327976 0.743914723 0.956678927 0.625025928 1.04553878 1.20518744 1.20074284 1.09033835 -0.0796823204 0.670893788 0.872895658 1.22635472 1.87632954 1.03267813 0.848915815 1.06188309 0.904882729 0.360465497 0.694216073 0.645204544 1.28876877 0.0336659662 1.03861225 1.10722399 1.31204808 0.79340893 1.1723932 0.683263183 0.980334103 1.27427471 0.354397953 0.654271483 0.558988869 1.24761903 0.248298213 0.601544023 0.537451267 1.41182041 1.22216988 0.579793334 0.845286906 0.242494941 0.783714592 0.903654158 1.08833492 0.801105857 0.437366188 1.08965027 0.404408574 0.84974134 1.25141644 0.810516298 0.73818171 1.07291174 1.06977749 1.00752914 1.24762416 0.987328708 1.19716275 0.810923338 0.852134824 1.06642807 0.919422209 1.25689685 0.0397378616 0.881472766 0.775436699 0.955995977 0.767791629 1.00485635 0.874747455 0.430008441 1.30488944 1.18426764
=======
1.11521494 1.01035619 1.2988373 0.691377163 0.828657925 0.82573837 0.954890788 1.10208476 1.2294333 0.687036574 1.10518706 1.11439908 0.667607546 1.51017773 0.889658153 1.63581288 0.726224601 1.15307605 0.867348433 1.22531497 1.10473621 0.624536395 1.28224719 0.487109423 0.578277349 0.804755032 0.825072587 0.976714075 0.876401424 1.05031097 0.879841387 0.74482125 1.27074838 1.1840049 0.829944909 0.786974847 1.32452369 1.12642038 0.4987638 1.27317286 1.18084323 1.20377076 1.32696474 1.27746618 0.385666192 1.22538006 0.859224439 1.14436471 1.13225973 0.607308388 0.812416196 0.708158433 0.453943998 0.641384065 0.382886231 0.70269084 1.36681819 1.00719595 1.15660739 1.06652415 1.09096229 0.535876274 1.26244414 1.29247272 0.710974276 0.745969892 1.2891624 1.23974812 0.857545793 0.87809217 0.0353963822 1.16249025 0.856704175 1.15968966 1.3363049 1.11730242 1.33082271 0.609194219 1.16425431 0.317222714 0.693152785 1.12785435 1.13827395 1.11035097 1.5354532 1.38767314 0.897145033 1.16951323 1.07815576 1.3313024 0.858979106 1.13447654 0.750419855 1.0933367 1.34270227 1.05207336 0.998508334 0.859131575 1.30303824 0.718556523 1.23532879 0.815593779 1.23152351 0.968785942 0.980483472 0.741166055 0.931999505 0.866974652 0.852020383 1.14886928 0.983659029 0.986615777 1.15908217 1.18220592 0.171837181 0.773966491 0.493641615 1.20072877 1.28461444 1.19643641 1.28050601 1.04874146 0.723530293 1.28967321 0.990834773 0.928403437 0.831840694 1.07823181 1.12750697 0.951393843 0.855030835 1.26011145 1.2515862 0.967493594 0.519770265 0.966871321 1.3474263 0.474232554 1.08070028 1.27529728 0.685756028 1.09068978 0.774929106 0.671437383 1.09877646 -0.276385069 1.19780695 0.515184581 0.567062438 0.833288908 0.881008387 1.05896926 1.05636168 0.760707617 0.985763013 0.378307611 0.96043551 1.58516264 0.297551036 0.861307144 1.14247012 0.955004811 0.68039161 0.951502979 1.45609844 0.749720156 0.605381548 1.17460012 0.774688303 1.0007894 1.1887269 1.27636361 0.906925142 0.877709508 0.852142453 0.73411274 1.18581021 1.00565004 0.903042316 0.662913918 0.576920986 1.02145815 0.940584719 0.745461643 0.956200719 0.624155223 1.04555917 1.20414317 1.20074284 1.09024525 -0.0789787471 0.670308948 0.874388754 1.22635472 1.87633681 1.03267813 0.847982347 1.06148994 0.906117082 0.361513495 0.69399029 0.646672964 1.28876877 0.03520808 1.03884435 1.10377121 1.31216192 0.792212009 1.1723932 0.683381319 0.982099712 1.27427471 0.354699582 0.654314756 0.559897304 1.24832439 0.248789474 0.601657569 0.538114011 1.41011238 1.22216988 0.580087483 0.85660398 0.241093829 0.785962701 0.903843939 1.08864677 0.801153421 0.436986387 1.08861876 0.40596199 0.851796627 1.25071025 0.811756074 0.737297893 1.07191575 1.06977749 1.0089637 1.24910307 0.987716079 1.19716275 0.810864568 0.853332162 1.06778777 0.917850494 1.25986767 0.040353626 0.882054567 0.774605632 0.956439316 0.767135501 1.00404084 0.873236418 0.430574596 1.30265725 1.18426895
>>>>>>> 5284c517675de7d2afc87d6da1df59881285e7a9
