1
256
1
0
256
<<<<<<< HEAD
0.695817888 1.21196127 0.920618236 0.146481574 0.460814297 1.4205575 0.284061342 1.19662547 0.414096564 0.543325543 0.88575995 2.12498021 1.47269237 0.444145441 0.726656973 0.389082342 1.22457385 -0.0249055456 0.421420544 1.20995224 5.43744087 0.690386951 1.00156188 0.167394891 0.639845908 3.63488483 0.959615588 1.19085121 0.866435051 0.996500611 1.14542282 0.425187707 0.746453106 -0.298813194 1.0516907 1.12634397 0.715289533 0.36790812 1.96596158 0.912343144 1.23100066 0.72879982 0.924291849 2.32986426 1.90481031 1.15236032 1.08731401 -0.114370264 1.44943392 1.60710645 1.42060483 1.07656169 1.02848506 0.405373335 1.35470891 0.519988835 0.685337186 2.06415057 1.18544877 0.638541639 0.730944514 0.532718182 0.778545737 1.14163697 4.5704875 1.49103045 0.959728718 2.97691464 1.26315832 0.974638164 0.0434245728 1.47748125 0.459943861 4.25787163 1.93159449 1.00353348 1.53739488 1.65152216 0.332048148 1.04838049 0.664261699 2.75772381 0.571339607 3.89740419 1.19457662 0.189714283 2.47711873 1.6980052 1.77126718 0.00854990166 0.422521472 1.13201058 0.294159621 0.717221498 2.78251052 1.8968457 2.43795443 0.909280717 0.0561656281 0.330068618 1.21559882 0.967312634 0.682264745 0.1533283 0.512188792 0.466154993 0.916028202 0.595170438 1.69039047 1.0684334 0.241964906 0.0663980544 0.459976047 0.308863282 1.45502424 0.31674394 0.922854066 1.22305059 1.1731925 1.52690196 2.08665228 0.295099765 0.528502345 1.08150256 0.586371541 0.561202466 2.00730133 0.894612014 0.587027609 0.457034141 1.19867563 0.434526294 0.455354661 0.792040288 0.0104791075 2.40115833 1.13366425 0.389082283 3.70769882 0.163336188 1.48128772 1.17884803 0.372398466 -0.0944265872 0.88303721 1.25231528 1.93825579 0.586974978 0.6385023 0.561370909 1.38581765 0.275140494 1.33750045 0.70646584 -0.0110953022 0.732910812 2.29245257 0.970021427 0.856978297 1.31724703 2.37830853 0.547200739 1.21053112 4.17167282 1.37340462 1.08341908 0.642804921 0.806584954 0.124606073 0.356283903 1.23088682 0.970550299 1.33377469 0.567162991 -0.0564569011 2.29010272 0.560857058 2.57852077 0.667985201 2.35806608 1.44544363 1.7008096 0.984869719 0.372672617 -0.275152177 0.403066993 0.603739977 0.482121229 0.161025688 -1.15742731 1.81478643 0.790480673 5.43858767 0.746897519 2.23104858 1.08890641 0.489839673 1.29777324 0.64069736 1.96841228 3.50993681 0.996726453 0.542244196 0.93185252 1.44770765 1.59268284 0.324095815 1.42105246 0.338952303 1.01382565 1.23878574 2.93867207 0.603578091 1.06974673 1.35771263 2.90353918 1.57588255 2.05133867 1.93908548 0.890826583 1.17323279 1.19570315 0.966167569 0.409638762 0.0751424953 1.04124737 0.727489591 0.509180367 1.20495439 0.725246608 0.344894767 -0.0608612597 -0.0164347794 -0.40247333 0.918506324 1.29436076 1.09081757 0.833597898 2.05695987 0.343632907 0.582049608 0.681731284 1.59188819 0.442703635 0.362584531 0.470887989 1.8933785 0.902551591 0.615754247 0.789237678 1.1356473 1.12794054 1.99884462 1.79033589 0.151749477 0.184035972
=======
0.695276439 1.21664584 0.901205182 0.146482378 0.462741971 1.42309082 0.292870641 1.18853819 0.415540636 0.549711704 0.882885158 2.11562729 1.4804641 0.451490849 0.722096622 0.398032337 1.22401285 -0.0275365133 0.412147701 1.21021664 5.43127012 0.686537683 1.01313519 0.164030775 0.635840476 3.63630724 0.968295276 1.19404995 0.8646366 0.999183357 1.14499617 0.430484235 0.744100749 -0.286521673 1.05164421 1.12824655 0.718446314 0.365649253 1.96299422 0.907519817 1.23539412 0.728693604 0.931645989 2.32712698 1.91215777 1.15344286 1.08640718 -0.126159459 1.45168698 1.60178983 1.42410827 1.07808065 1.03617465 0.406171709 1.35838413 0.520337045 0.683289289 2.05834031 1.18350828 0.635322392 0.72744298 0.545598388 0.7811656 1.14686096 4.5713172 1.48617351 0.951672792 2.97603035 1.26506424 0.987409532 0.0441983677 1.47240365 0.458228111 4.25480652 1.92687786 0.997675657 1.5392369 1.64520979 0.344701707 1.05710435 0.652652442 2.75459719 0.565139771 3.89883637 1.19704413 0.184536442 2.48182368 1.69764531 1.77621961 0.0300965328 0.423493683 1.13128138 0.300758392 0.718669057 2.7844975 1.89224494 2.43849206 0.906791866 0.0528667979 0.331180096 1.21939588 0.962050617 0.67770189 0.152495727 0.505189657 0.464624554 0.909074306 0.589269757 1.6993413 1.06935716 0.24257493 0.0673687086 0.461202741 0.319295377 1.44964898 0.319534272 0.922213197 1.22172022 1.18662095 1.52918065 2.08887672 0.291920185 0.530043662 1.08578014 0.594391406 0.563183546 2.00674224 0.898606479 0.582175195 0.45519352 1.19315207 0.44315812 0.455483764 0.784653127 0.0165543277 2.40207505 1.13326752 0.383032888 3.71180344 0.153812736 1.48554003 1.1812582 0.376094282 -0.0850479305 0.882811308 1.25101674 1.93742168 0.574245393 0.648419559 0.568143904 1.38587224 0.27832973 1.33351135 0.710667789 -0.00836343411 0.722535133 2.29155874 0.970156789 0.864131749 1.31670392 2.37842107 0.54783982 1.20573759 4.17103815 1.37194633 1.08833253 0.636468053 0.799911082 0.129835829 0.347937673 1.23760092 0.960183144 1.33236313 0.563112259 -0.0444639102 2.2878468 0.560056806 2.58214092 0.667639792 2.3644197 1.43867326 1.69966698 0.978159904 0.369636387 -0.270707875 0.409207344 0.606923759 0.479500532 0.161807656 -1.16698945 1.81683695 0.792949915 5.43281555 0.751309812 2.2214725 1.08602381 0.484448642 1.3063004 0.625913978 1.96495855 3.5105927 1.00131607 0.548282325 0.936377883 1.45217061 1.59566081 0.321087003 1.43027103 0.34253484 1.00577641 1.23329282 2.94218349 0.601229489 1.06879044 1.35922325 2.90129137 1.5760057 2.05511785 1.93461418 0.891591489 1.18149662 1.20304048 0.968599141 0.414126903 0.0792717487 1.04249907 0.727478921 0.511755824 1.20759654 0.723874331 0.345298707 -0.0506610014 -0.0115010524 -0.39949578 0.926103652 1.29440117 1.08471656 0.835735381 2.05830574 0.338394701 0.587951243 0.677846253 1.60060835 0.442937613 0.378019273 0.467003196 1.89837861 0.89821732 0.617694557 0.804735005 1.132061 1.12029326 1.99399078 1.78933144 0.155314773 0.184256151
>>>>>>> 5284c517675de7d2afc87d6da1df59881285e7a9
