1
86
1
0
86
<<<<<<< HEAD
-1.5326103 -1.47855937 -1.4848336 -1.56551623 -1.4948684 -0.780266404 -1.7221632 -1.30447984 -1.47315621 -0.193550333 0.409005821 0.452545166 -0.199525803 -0.263259858 0.24470906 0.381667644 0.385756582 0.373039335 0.247647017 0.352283686 0.300377399 0.190025866 0.23472251 0.157610431 -0.0637185276 -1.59400547 -1.58735931 -0.595088184 0.492817879 0.259894073 0.147763819 0.421129882 -0.176350459 0.341776907 0.385997444 0.235117525 0.428136945 0.557011306 0.332479388 -0.0128341867 0.399321258 0.333626419 0.389169127 0.276333153 0.13919045 0.161481366 0.529833853 0.104286931 0.224095047 -0.141826361 0.295649886 0.397829175 0.0764562488 0.0513033569 0.339984387 -0.292822659 -0.00624187663 -0.472213447 -0.323339701 -0.386886597 -0.436399698 -0.489952952 -0.314578265 0.00739813736 0.288733631 -0.240581274 -0.370155215 -0.491519183 -0.365275711 -0.333005041 -0.557249069 0.342068106 -0.616314828 -0.491838157 -0.401247352 -0.501259506 -0.487833291 -0.414068967 0.013738757 -0.350572675 -0.405760795 -0.432030648 -0.492738724 -0.545336008 -0.513011336 -0.166872218
=======
-1.5326103 -1.47855937 -1.48484802 -1.56551623 -1.4948684 -0.806642413 -1.7221632 -1.30459762 -1.47320938 -0.192936093 0.40958035 0.452672124 -0.195270658 -0.266524971 0.244386762 0.380783319 0.390240729 0.376599878 0.250170201 0.350880206 0.303883582 0.189445034 0.235527679 0.156897217 -0.116221175 -1.59400547 -1.58735931 -0.613558531 0.490406305 0.264548689 0.146999523 0.42230022 -0.17599529 0.339194268 0.383326471 0.234260261 0.42892012 0.557319582 0.328105092 -0.0136075607 0.400697589 0.335283309 0.388901293 0.280856967 0.136711344 0.160630435 0.530438364 0.104707561 0.221929938 -0.143490359 0.292537302 0.394599259 0.0778435841 0.0511608534 0.342890501 -0.293173939 -0.00750203757 -0.484758765 -0.323496312 -0.377505273 -0.435875624 -0.482666761 -0.309921503 0.0081799645 0.28820017 -0.252472937 -0.368431479 -0.479020238 -0.346779227 -0.327456445 -0.545046568 0.34340629 -0.598108292 -0.495286912 -0.390102625 -0.495427459 -0.481975824 -0.414490879 0.0158266444 -0.333033502 -0.411275566 -0.434834331 -0.498465449 -0.537856162 -0.531171024 -0.157462299
>>>>>>> 5284c517675de7d2afc87d6da1df59881285e7a9
