4
30
1
5
5
25
25
5
1
0
750
-0.500325143 -0.0388700552 0.413090348 0.729427636 0.196085349 -0.807249486 0.0322162136 0.892733932 0.958706975 -0.0403592065 -0.55419302 0.412777483 0.999315023 0.489098012 -0.579451442 -0.211298615 0.439601988 0.588592291 0.0209895261 -0.556202412 0.012841858 0.308339298 0.123623297 -0.239275172 -0.553772032 -0.0080802273 -0.0267929696 -0.0281537641 -0.0324251503 -0.0309594888 -0.00403122185 -0.00847464893 -0.0178610422 -0.00884383451 -0.00723566068 -0.000396560732 0.00259346981 0.00644175336 0.00597619591 0.00140073313 -0.00285862898 0.00467636762 0.00801385567 2.4889971e-06 4.20946308e-05 -0.00783170573 -0.00883857813 -0.00677256612 -0.0127853015 -0.00214987644 0.0284088347 0.231442124 0.294441015 0.306132168 0.268839598 -0.130343467 0.0545929484 0.0910193473 0.0546206236 -0.058006566 -0.278096408 -0.208784014 -0.193069965 -0.23559472 -0.30720824 -0.179024518 -0.159267247 -0.21419692 -0.205169499 -0.150875226 -0.0451393239 -0.0436539315 -0.0417611971 0.0750117749 0.171635076 0.372976542 0.558416665 0.438272953 0.37158069 0.32320407 0.316647768 0.368013948 0.189209312 0.182711139 0.204354241 -0.202165067 -0.259548634 -0.181252435 -0.172201276 -0.0532823876 -0.422095627 -0.423445225 -0.355126768 -0.341780394 -0.212715402 -0.199725628 -0.169525906 -0.102865778 -0.0504764281 -0.0363403149 0.107180491 0.277272463 0.300210088 0.29957512 0.321412712 -0.0717913285 0.213536754 0.246276379 0.200879022 0.000559826498 -0.35375458 -0.158305541 -0.0843875408 -0.161163881 -0.340859443 -0.367685288 -0.292495161 -0.330742687 -0.336821139 -0.322878569 -0.17068015 -0.208659932 -0.25502193 -0.120559797 0.0662752762 0.126068443 0.335776031 0.37898621 0.22936517 0.0574748442 0.249377027 0.391937107 0.386198997 0.474531412 0.411960095 -0.0633671358 -0.0793060064 -0.0298562869 0.223359793 0.508513868 -0.329414189 -0.382982075 -0.386735171 -0.274874926 0.215118334 -0.279766679 -0.238953218 -0.332217783 -0.315312624 0.0418676324 0.25929302 0.411587238 0.348708659 0.313738972 0.350473493 0.0226707403 0.186491251 0.190695077 0.304179817 0.308679879 -0.388581038 -0.237235934 -0.13186413 -0.0561355837 0.0291552432 -0.416896731 -0.347289294 -0.373454571 -0.404864669 -0.307588339 -0.134168655 -0.205845773 -0.26414603 -0.222261369 -0.120034017 -0.0039161928 -0.00900108181 0.00247172359 0.00794256851 0.000433867797 7.41891563e-06 0.00380775332 -0.00240943953 -0.00142008439 -0.0041083009 -0.00259799184 0.000175077002 -0.00676742941 -0.0108018862 -0.00579836499 -0.00728127221 -0.0122108227 -0.00832402892 -0.00511168176 -0.00119995419 -0.0203276705 -0.0200834498 -0.0140026892 -0.0103161298 -0.00832441077 0.131667256 0.209161982 0.176005796 0.170469031 0.291296422 -0.0382552817 0.238547787 0.318603426 0.366112709 0.348986566 -0.350716025 -0.0667730719 0.108719215 0.110773109 -0.0149007589 -0.480673462 -0.351467252 -0.377868176 -0.377553344 -0.41626969 -0.262936413 -0.32989192 -0.464016825 -0.38775304 -0.229352251 0.025288932 0.17501919 0.243322805 0.0859330297 -0.0603048876 0.0485546142 0.232542887 0.392909408 0.5172171 0.453923851 -0.151130483 -0.0433956049 0.0648998916 0.35750246 0.604085863 -0.263632178 -0.299728721 -0.41176632 -0.261347741 0.299315006 -0.23342298 -0.301962703 -0.481408387 -0.417668968 0.0944450796 0.00746325217 0.00387941417 -0.00337097025 -0.0142104896 -0.0158358961 -0.00114372675 -0.00284183444 -0.00362113025 0.000990713132 0.000567462295 -0.00600542128 -0.00309297722 0.0072665778 -0.00102984579 0.000203276708 -0.00350483251 -0.00251601799 0.00259775738 0.000355824712 0.00299058645 0.00233249227 -0.00741294026 -0.0113539509 -0.00849225186 -0.00800725352 -0.000499788672 -0.00227508694 -0.00294129737 -0.00241822749 0.00280139549 -0.00557964202 -0.00314090587 -0.00164661091 0.0016967277 -0.00116298348 0.00152133172 -0.00211495603 -0.00666360371 -0.00352880498 -0.00394211616 -0.00259581325 -0.00496952748 -0.00600403175 -0.0090949107 -0.00617665844 -0.00951672066 -0.00518801436 -0.00782933924 -0.00650549587 0.00241228333 -0.125822976 -0.55065161 -0.678260624 -0.581181884 -0.365537703 0.239539176 0.190596908 0.200012073 0.20675987 0.150109798 0.407603443 0.646834373 0.680695593 0.527191222 0.247538105 -0.0517621189 0.0228933878 0.0443684198 -0.0162236616 0.00542350579 -0.343525827 -0.382279962 -0.292884529 -0.173032776 0.0461649895 0.0429085717 0.546153665 0.602201879 0.538137555 0.115297742 -0.136575744 0.619060159 0.856921434 0.530666828 -0.127976209 -0.0268085506 0.603299916 0.603652418 0.218372643 -0.309475124 0.000372469309 0.431535244 0.353578836 0.224530011 -0.135717139 -0.0447242633 0.233306155 0.219451517 0.0995854735 -0.282448918 -0.0417175665 0.115599237 0.242398351 0.12399824 -0.0485903062 -0.237499163 -0.00354959653 0.25017181 0.326587796 0.28129217 -0.319126993 -0.175678849 0.00652409066 0.233011991 0.359427214 -0.273708671 -0.244165704 -0.268499345 -0.190710679 0.0200740043 -0.117277116 -0.157216892 -0.308626533 -0.332146794 -0.183483809 -0.104461163 0.0506668575 0.0781018361 0.0296536069 -0.0453028977 0.30162093 0.536494672 0.511521816 0.509825945 0.387302816 0.264661998 0.2736848 0.228724062 0.326488584 0.424978137 -0.14532271 -0.294376999 -0.377084553 -0.250768393 0.131339237 -0.375767052 -0.443572223 -0.425010562 -0.347953618 0.0389795899 -0.00824294705 -0.0192759298 -0.0150013519 -0.0183586627 -0.0197804496 -0.00274509052 -0.0102710593 -0.00601568725 -0.00308275595 -0.00430996809 0.00158957951 -0.000576371327 -0.00161448587 0.00165185705 0.00482490845 0.00406840816 -0.000165307894 0.000402521342 0.00311859511 0.00063590426 0.000386030413 0.0030079307 -0.00174327707 -0.00654593343 -0.000957671087 3.18710227e-05 -0.00581621192 -0.00464220252 -0.00132135628 -0.0023770004 0.00276232301 0.000926216366 -0.0039846045 -0.00371418474 -0.00180328265 -0.00301953219 -0.000385751016 -0.00293296156 -0.00626916345 -0.00105823204 -0.00544668688 -0.00643598288 -0.00658463035 -0.00838491227 -0.0058978647 -0.00189612014 -0.0038289025 -0.00142098125 -0.00183071522 -0.00408691633 -0.00352536258 -0.0064092176 -0.00969625264 -0.0115015311 -0.0118949097 -0.00526579842 -0.00453247549 -0.00208571693 -0.00804443378 -0.00728667201 0.000568428542 -0.00603254698 0.00180284353 0.000473716762 0.000967450906 -0.00865416322 -0.00768352719 -0.0090218205 -0.00282191415 0.00111315725 -0.00769041944 -0.00306056207 -0.00407818798 -0.0131005123 -0.00676969718 -0.125316247 -0.0957268924 -0.109709062 -0.129988655 -0.0585384406 0.137891605 0.387359768 0.46310848 0.469959348 0.415342987 0.139057174 0.344756484 0.343150288 0.33195582 0.367690027 -0.180977568 -0.202063695 -0.314527631 -0.290996373 0.0294317044 -0.288127154 -0.416255444 -0.461405635 -0.401882678 -0.00207318389 0.195076048 0.368112683 0.394943535 0.419157386 0.413221627 -0.0209992584 0.229595721 0.254845917 0.196423218 -0.0388335437 -0.398985744 -0.220286995 -0.162692457 -0.251513213 -0.465652376 -0.397304177 -0.343041033 -0.399117738 -0.401718676 -0.354360551 -0.165918201 -0.223211333 -0.280240744 -0.0927293077 0.136319309 -0.00355233927 0.146849483 0.177224204 0.0669241622 0.0237454046 0.203251779 0.384608835 0.42262879 0.488753587 0.427970678 -0.0111731598 0.0554093011 0.12076854 0.272204518 0.462115288 -0.320829153 -0.374940932 -0.419015914 -0.322188348 0.0916999504 -0.329850346 -0.396924585 -0.428738385 -0.41559267 -0.0709382594 -0.0210565235 -0.026300583 -0.0346116871 -0.0304229446 -0.0212878808 -0.00891083665 -0.0180930346 -0.013204311 -0.0118562002 -0.00883061811 0.00655690953 0.00374277774 0.00905183516 0.00291319937 -0.00385714322 -0.0010958612 0.00399659481 5.24632633e-05 -0.0045594098 -0.00456910115 -0.0206766985 -0.0242182203 -0.0195461027 -0.0234323405 -0.0117201107 0.048363138 0.153940722 0.166619986 0.160767317 0.101697542 -0.0742729157 0.00979254954 0.0153032951 -0.0173921734 -0.0920286924 -0.144251809 -0.130225107 -0.134336367 -0.134168327 -0.14983131 -0.0608156845 -0.0655131415 -0.0888860226 -0.0719679743 -0.0311119277 -0.00132168795 -0.000598751067 -0.00105956791 0.0508370735 0.0884782821 0.0389891043 0.258519232 0.307919294 0.28992781 0.324299425 -0.159069434 0.148641095 0.248989761 0.241024017 0.0942176804 -0.381160229 -0.188178614 -0.0958148465 -0.125367045 -0.2428689 -0.363222301 -0.289042979 -0.319444686 -0.317058235 -0.322708964 -0.143835306 -0.176674485 -0.250154048 -0.149932981 0.0206726454 -0.00472140592 -0.00775572611 -0.00503195962 -0.00103499601 -0.00214549876 -0.00231338316 -0.00614333944 0.00318347034 0.00387533568 0.00367152225 0.000465987163 -0.00267011835 -0.00215875474 0.00324336393 -0.00398374023 0.00149682141 -0.0038475683 -0.00861960463 -0.0101502193 0.00123058236 -0.0006860469 -0.0078185359 -0.00962680764 -0.00680748932 -0.0065652309 0.0359580033 0.288060009 0.362620085 0.395160973 0.412053913 -0.23155956 0.0722855702 0.184793711 0.203414604 0.0880066529 -0.447695941 -0.253987938 -0.160898134 -0.19456318 -0.338900775 -0.350840032 -0.268874615 -0.336453408 -0.334234208 -0.332542092 -0.128993437 -0.155921936 -0.216564119 -0.101622552 0.0700986758 0.221175402 0.338041306 0.270333469 0.249023914 0.324058384 0.00185073924 0.199579224 0.243835881 0.369173139 0.380978256 -0.381442457 -0.162617624 -0.0479492396 0.047270827 0.0320065692 -0.452635348 -0.362591445 -0.3909145 -0.401387304 -0.390473098 -0.179053396 -0.251370966 -0.371776462 -0.333389699 -0.202848703 -0.00126046129 -0.0026681202 -0.0117111467 -0.0108819902 -0.00574586587 0.00263410108 -0.00499546248 -0.00448148558 -0.00636483636 -0.00473150285 -0.00823347829 -0.00176119059 -2.09021382e-05 -0.00306692626 0.00334258098 -0.00172394654 0.00306355301 -0.00209900085 0.00243589934 -0.00202121073 0.00122732576 0.00086326804 -0.000678041019 -0.00164781092 -0.00273979316 -0.217700884 -0.764090359 -0.917827547 -0.820231438 -0.629386306 0.290067166 0.0239775442 -0.114922136 -0.157531649 -0.106898308 0.601859033 0.812103331 0.847243905 0.674925625 0.359573543 0.07836622 0.296416283 0.402016401 0.357111365 0.217840582 -0.327729493 -0.312331885 -0.184468508 -0.0821347833 0.140129432
