56.08
55.98
56.15
53.71
53.70
53.95
53.84
53.56
52.94
52.50
51.73
51.42
50.78
50.83
51.13
50.72
49.91
48.92
49.10
49.81
51.28
51.08
50.20
50.64
50.41
49.52
49.78
49.90
49.58
51.05
52.00
52.02
52.24
51.99
52.38
52.64
52.44
52.26
51.92
51.93
51.92
50.70
50.60
50.48
50.47
50.48
51.72
50.80
51.44
51.20
51.13
50.33
50.49
49.92
49.87
49.84
50.34
50.00
49.35
50.62
51.48
52.26
51.78
51.91
55.80
56.29
56.63
55.49
55.30
55.22
55.12
54.37
54.49
54.67
54.87
54.36
55.19
55.43
55.05
54.95
54.93
53.66
54.21
53.84
54.11
53.61
53.25
54.92
54.21
53.45
52.75
52.71
53.00
52.93
51.89
50.80
51.56
52.40
52.97
52.41
50.97
51.35
52.60
51.73
50.69
52.34
52.28
51.97
52.33
51.49
50.90
50.25
48.68
49.89
49.02
49.55
51.94
52.10
53.25
54.17
54.88
54.73
51.86
52.01
51.79
51.94
51.41
51.00
49.98
51.48
51.31
52.00
53.80
52.76
52.51
52.37
52.70
54.32
54.93
54.32
56.04
56.47
56.29
55.35
55.86
55.70
54.99
54.88
55.77
56.36
55.54
55.66
54.33
54.71
55.39
55.37
55.47
55.79
54.12
55.49
55.32
54.41
54.54
53.80
54.09
53.92
54.25
54.25
53.99
53.00
53.17
53.08
53.07
53.48
53.70
54.07
54.55
54.09
54.49
54.18
52.93
52.85
53.32
53.54
53.54
53.99
52.53
52.30
47.53
47.92
47.44
47.42
47.02
47.01
46.65
46.56
46.98
47.45
46.56
47.10
46.33
45.75
44.27
44.75
43.88
43.37
43.83
44.48
43.45
43.93
43.38
43.62
43.50
44.29
43.97
43.19
43.43
43.14
43.12
44.21
43.30
42.81
43.41
42.36
42.17
43.56
43.40
43.23
42.01
42.57
40.45
45.30
46.07
46.78
46.84
46.81
46.53
47.06
46.19
46.82
46.95
46.39
47.71
47.98
46.75
46.98
47.29
46.26
45.40
45.58
45.94
45.91
45.27
45.44
46.78
46.65
46.55
46.01
45.68
45.45
44.98
45.01
44.75
44.44
44.34
43.96
44.48
44.46
44.71
45.04
45.65
46.03
45.67
46.13
46.33
46.79
46.22
45.73
45.35
45.45
46.22
46.66
45.79
45.76
46.30
46.31
46.79
47.37
46.93
47.06
47.43
47.50
46.82
46.83
47.30
47.28
47.39
47.56
47.98
48.87
48.03
48.19
46.85
47.55
47.55
46.27
47.57
47.82
48.37
48.58
48.70
48.72
47.78
47.23
45.66
42.89
42.67
43.00
41.73
41.67
41.95
41.76
41.80
41.40
41.63
41.25
41.46
41.61
40.34
40.66
40.60
40.78
41.10
41.12
41.22
42.92
42.78
42.88
42.56
42.26
41.43
41.37
41.47
40.70
41.33
42.31
42.35
42.19
43.00
43.07
43.01
43.56
43.67
44.13
43.99
43.95
44.15
43.70
43.51
43.18
43.63
43.97
43.38
42.66
42.65
42.74
42.24
42.68
42.22
41.94
41.63
40.59
41.55
40.93
42.74
42.95
47.00
47.36
46.38
45.94
46.30
45.31
46.22
45.96
46.97
47.42
47.61
46.75
45.98
46.38
46.37
46.66
46.73
47.44
47.70
48.41
48.64
48.37
47.78
47.63
46.58
45.05
45.90
47.20
46.78
47.08
47.58
47.11
48.26
48.82
48.39
48.44
48.84
47.88
47.95
47.49
47.66
47.99
49.02
48.00
48.66
49.13
49.41
49.74
48.81
48.56
48.85
48.65
48.92
47.86
47.80
47.30
46.89
46.94
46.32
46.44
45.86
45.71
46.83
44.62
45.00
44.36
43.06
43.20
42.53
43.00
43.87
43.82
45.60
46.50
45.48
45.86
46.12
45.98
45.83
46.27
46.37
45.98
45.93
46.88
46.63
46.85
47.30
46.81
46.59
46.26
46.39
46.54
46.91
46.74
46.82
46.47
46.02
45.11
44.74
44.53
45.43
45.09
44.75
44.90
45.31
45.40
45.35
44.84
45.34
44.97
44.94
44.58
44.08
43.68
43.04
43.26
43.23
42.84
42.74
43.31
42.97
43.21
43.38
44.07
43.91
44.36
44.30
44.93
45.45
45.00
44.56
44.65
45.45
42.51
42.33
42.22
41.70
41.37
41.98
41.87
41.75
41.91
41.73
41.86
42.17
41.61
41.93
41.70
41.83
41.73
41.45
41.57
41.61
41.29
41.04
41.10
40.81
40.93
41.03
41.39
41.48
40.59
40.21
40.60
40.95
40.45
40.15
40.14
40.26
40.37
40.29
39.80
39.68
39.61
39.67
40.09
40.30
39.92
39.74
39.54
39.34
39.22
39.29
39.52
40.31
40.24
40.40
41.10
40.14
40.29
39.74
39.99
39.96
40.13
40.01
40.06
39.34
39.11
39.00
40.44
39.93
39.75
39.96
41.25
41.29
41.44
41.15
40.43
39.79
39.74
40.48
40.66
40.34
40.72
39.25
39.47
38.26
37.90
37.65
38.42
37.80
37.87
37.99
38.28
38.14
38.25
38.20
37.92
37.98
37.45
37.58
37.61
37.69
37.94
37.57
37.22
37.63
37.39
37.33
37.35
36.88
36.63
36.32
35.80
36.29
36.97
37.74
36.95
36.79
35.98
36.12
36.87
37.45
36.09
36.26
36.82
36.83
36.69
35.90
34.73
35.99
35.90
35.88
36.00
36.33
36.85
37.20
37.35
37.40
37.22
37.58
37.20
36.72
36.81
36.20
36.51
36.36
36.94
36.73
37.42
37.64
38.06
38.61
38.56
38.42
38.85
38.21
38.14
38.09
37.82
37.57
37.57
37.93
37.53
37.27
36.92
36.85
37.35
37.95
37.87
36.98
37.38
37.69
37.67
37.96
37.24
35.79
35.59
35.67
35.66
35.53
35.63
35.61
35.88
33.82
34.35
35.02
34.98
34.82
34.45
34.60
34.67
33.90
33.68
33.31
33.07
33.31
33.60
33.69
33.88
33.36
33.35
33.00
32.88
32.64
32.49
32.87
32.54
33.41
33.48
32.99
33.42
33.38
32.77
32.72
32.57
31.90
31.22
31.31
31.10
31.39
31.75
33.37
32.93
33.39
33.52
34.40
35.17
32.19
31.61
31.44
31.76
31.79
32.00
32.14
32.51
32.46
32.77
32.24
31.54
31.55
31.90
31.69
32.06
31.97
31.78
31.47
31.26
31.62
32.04
31.91
31.70
32.40
35.72
36.34
36.01
35.66
35.58
35.00
34.34
34.58
34.35
34.09
33.66
34.41
34.75
34.38
34.52
34.12
34.08
32.94
33.66
34.26
34.96
34.97
34.69
34.55
34.99
35.14
35.05
35.51
35.25
34.84
34.60
35.62
34.92
34.82
34.85
34.74
34.42
33.92
34.23
34.79
35.10
34.73
34.13
33.64
33.45
32.86
32.61
32.67
32.85
33.07
33.65
33.42
33.23
32.63
32.93
32.56
31.80
31.90
31.71
30.62
30.70
30.30
29.62
28.95
28.85
28.90
28.65
28.85
29.10
29.57
28.73
28.73
28.22
28.39
28.75
28.59
28.64
28.32
28.14
28.24
28.30
28.19
28.11
28.34
28.12
27.88
28.03
28.00
27.87
27.84
27.94
28.25
28.11
28.21
28.29
27.85
27.72
27.88
27.42
27.38
27.97
27.68
27.74
28.13
27.88
28.04
27.92
27.93
27.88
27.65
27.35
27.35
27.38
27.62
27.87
27.67
27.79
28.01
27.82
28.01
27.58
27.70
27.20
27.30
27.10
27.19
27.15
26.83
26.90
26.49
26.65
26.72
26.75
26.77
27.27
27.63
27.25
26.59
26.71
26.89
27.03
27.20
27.45
27.36
27.69
27.25
26.79
27.11
27.32
27.53
27.05
26.56
26.82
26.81
26.38
26.50
26.78
27.05
27.11
27.01
27.36
27.54
27.23
26.71
26.76
26.80
26.67
26.88
27.24
27.02
28.94
28.88
29.12
29.53
29.82
29.62
29.59
28.84
28.55
27.86
28.19
28.16
27.77
28.73
29.05
29.65
29.30
29.45
29.37
28.97
29.22
29.15
29.68
29.64
30.23
29.97
29.75
29.68
29.81
30.18
30.17
30.28
30.95
31.00
31.43
30.95
31.09
31.10
31.19
31.01
30.89
30.94
30.69
30.83
31.04
30.50
30.22
30.45
30.60
30.53
30.65
30.70
30.93
30.25
30.39
30.59
30.76
30.82
30.92
30.36
30.11
30.30
30.35
30.50
30.39
30.21
30.07
30.00
29.53
29.21
29.59
29.48
29.75
29.48
29.23
29.24
29.24
29.57
31.00
30.51
29.60
29.64
29.48
28.76
29.15
29.71
30.08
30.12
30.61
30.59
30.23
30.62
30.45
29.98
30.19
30.00
30.30
30.30
30.96
30.93
30.19
29.99
29.59
29.33
29.22
29.10
29.73
29.21
29.64
28.88
28.51
28.62
28.76
29.30
29.35
29.38
29.20
29.16
29.35
29.69
29.10
29.79
29.99
30.31
30.64
30.82
30.69
30.86
30.19
30.48
30.70
31.45
31.88
31.85
32.05
31.98
32.12
32.12
31.92
32.21
32.31
32.15
31.13
31.28
31.27
30.99
30.89
30.48
30.43
31.06
31.22
31.15
31.66
32.16
32.22
32.40
32.06
32.52
32.65
32.19
32.10
31.81
31.96
32.10
32.54
32.91
32.79
32.53
32.24
31.97
32.10
32.04
31.67
31.54
32.01
32.31
31.93
31.89
31.41
31.24
31.48
31.20
31.45
31.18
31.20
30.31
30.33
30.33
30.63
30.64
30.68
30.26
30.15
30.04
30.14
29.90
29.79
29.66
28.97
29.45
29.61
29.07
29.47
29.55
28.82
28.16
28.31
28.40
27.93
27.87
27.43
27.93
28.05
27.53
27.38
26.82
26.55
26.00
25.95
26.11
25.96
25.91
25.82
26.01
25.86
26.02
25.67
25.72
25.72
25.75
25.41
25.52
25.48
25.67
25.81
25.78
25.59
25.56
25.37
24.82
24.94
24.38
24.61
24.89
25.24
25.48
26.01
26.47
26.56
26.88
26.58
26.47
26.59
27.01
26.21
26.38
26.24
26.10
26.19
26.76
27.14
27.13
27.03
27.08
27.06
27.15
27.26
27.37
26.94
27.11
27.31
26.76
27.18
26.86
26.58
26.34
25.90
25.42
24.30
24.72
25.20
25.98
25.93
25.66
25.19
24.90
25.30
27.05
27.31
26.80
27.05
26.73
26.17
25.92
25.44
26.00
26.00
25.69
25.20
25.78
26.46
26.29
25.73
25.53
24.51
25.08
24.65
24.03
24.42
24.41
24.57
25.25
25.22
25.24
25.13
24.50
24.95
24.71
25.02
25.97
26.53
26.83
26.98
27.51
27.52
27.29
27.88
27.82
27.26
26.86
27.04
27.28
26.81
26.63
26.47
26.62
26.60
26.55
26.62
26.54
26.49
25.97
26.10
25.93
25.74
25.71
25.30
24.23
24.51
24.44
24.60
24.52
24.17
24.22
23.75
24.00
24.30
23.79
24.02
24.01
23.90
24.09
23.89
24.05
24.49
24.99
24.96
24.68
24.35
24.17
24.20
24.21
24.72
24.85
24.53
24.40
24.96
25.28
25.35
25.65
25.38
25.80
26.07
26.05
25.85
25.60
25.94
26.55
26.46
26.30
25.74
25.56
25.79
25.54
25.00
25.10
25.46
25.42
25.65
25.83
26.19
26.17
26.19
25.98
25.82
25.45
25.53
25.60
25.60
25.34
25.66
25.93
25.60
25.23
25.30
25.18
25.06
25.06
25.22
25.08
25.49
25.41
25.62
25.81
25.77
26.13
26.22
26.26
26.11
26.60
26.69
26.91
26.64
26.53
26.78
27.13
26.97
27.05
27.04
27.21
27.76
27.93
28.19
28.10
27.80
27.70
27.97
27.93
27.80
27.77
28.90
28.75
28.51
28.14
28.02
28.40
28.50
28.46
28.16
28.08
28.33
28.12
28.20
28.26
28.64
28.04
27.90
27.94
28.05
27.80
27.92
27.94
27.97
28.12
27.97
28.01
27.85
27.95
27.92
27.76
27.53
27.31
27.27
27.19
27.28
26.83
27.08
26.93
26.81
26.24
25.57
25.05
25.19
25.21
25.20
25.57
25.65
25.80
25.71
25.90
26.04
26.33
26.47
26.68
27.01
26.81
26.68
27.17
27.41
27.46
27.06
26.88
27.15
26.21
25.79
25.12
25.24
25.52
25.40
25.26
25.27
25.59
25.36
25.29
25.02
24.65
24.74
24.62
24.62
24.32
24.06
23.96
24.77
24.61
24.63
24.80
24.85
24.64
24.51
24.89
25.42
25.28
25.40
25.06
25.10
25.04
24.20
23.98
24.19
24.07
24.10
24.24
23.88
23.67
23.60
23.74
23.88
24.09
24.00
24.09
24.44
24.31
24.62
24.68
24.71
24.36
24.35
24.42
24.68
25.33
25.55
25.18
25.49
26.15
26.20
25.99
25.75
26.13
26.07
26.14
25.86
25.84
25.51
25.60
24.86
24.96
25.51
25.50
25.50
25.14
24.43
24.33
24.60
23.82
23.70
23.36
23.09
23.30
24.13
24.51
25.05
25.46
25.78
26.16
26.78
26.37
26.56
26.47
25.75
25.86
25.04
25.13
25.22
25.25
25.82
26.10
26.55
26.06
25.53
25.84
25.73
26.23
25.65
26.85
26.63
27.65
28.52
28.87
29.12
29.20
29.26
28.98
28.68
29.01
28.93
29.59
29.77
30.52
30.67
31.07
30.93
30.92
30.95
31.00
31.12
31.04
31.33
31.22
30.77
30.79
30.82
30.79
30.15
30.25
29.95
29.32
29.16
29.15
29.13
29.35
29.64
29.63
29.71
30.09
29.83
29.72
29.59
29.50
29.76
29.63
29.50
29.42
29.18
29.32
28.89
28.86
28.56
28.52
28.66
28.46
28.51
29.08
28.77
28.65
28.27
28.52
28.68
28.84
28.79
28.59
28.53
28.13
27.81
27.93
28.03
27.97
28.01
28.00
28.38
28.26
28.37
28.39
29.90
29.84
29.35
29.20
29.24
30.00
30.61
30.81
30.75
31.08
30.31
30.26
30.15
30.71
30.28
30.63
30.88
30.85
30.62
30.98
31.15
31.35
31.00
30.88
30.71
30.60
30.40
29.84
29.95
30.07
29.89
29.91
29.97
29.71
29.47
29.52
29.78
30.05
29.84
29.90
29.52
29.15
29.11
29.81
29.95
29.84
29.66
29.99
30.00
29.50
29.61
29.47
29.01
29.08
28.90
28.62
28.38
28.52
27.69
27.64
27.70
28.03
28.07
28.24
28.73
28.13
29.20
26.56
26.46
26.42
26.49
26.45
25.90
26.14
25.59
25.66
25.57
25.44
24.99
24.68
24.98
24.46
25.41
25.76
25.91
25.60
25.69
25.92
25.92
25.40
25.11
25.46
25.06
25.25
24.97
24.65
24.93
24.80
24.74
24.62
24.09
23.91
23.82
24.35
24.57
25.07
24.41
24.59
24.60
24.41
23.93
23.60
23.25
23.29
23.32
23.62
23.63
23.13
23.32
23.46
23.75
23.93
23.84
23.68
23.82
23.77
24.20
23.73
22.99
23.44
23.61
24.93
24.70
24.69
24.44
24.40
23.93
23.75
23.20
22.42
22.19
22.65
22.31
23.08
23.21
23.76
24.05
23.97
23.60
23.57
23.43
23.45
23.38
23.95
24.04
23.62
23.50
23.47
23.23
22.90
22.59
22.17
22.06
21.98
21.96
21.77
21.31
21.36
21.00
20.56
20.32
20.25
19.54
19.93
20.14
20.41
20.51
20.36
20.13
19.83
19.92
19.51
19.20
19.46
19.96
20.06
20.14
20.37
20.19
20.60
20.11
20.25
20.55
19.82
18.92
18.76
18.59
18.89
19.69
19.16
19.21
19.44
19.69
19.45
18.97
18.76
18.54
19.13
19.50
18.23
17.83
17.74
18.54
18.17
17.98
18.04
17.37
17.32
17.37
17.03
16.32
16.82
16.98
17.01
16.63
15.37
15.20
15.35
15.86
16.12
16.03
15.96
16.29
17.05
17.01
17.03
18.02
17.77
18.30
18.22
18.49
19.27
18.97
18.94
19.25
19.64
19.16
18.51
18.54
17.85
17.03
17.74
17.78
17.80
17.78
17.29
16.97
18.05
18.87
19.46
19.63
19.07
19.53
19.52
19.71
20.17
19.63
20.19
20.75
20.20
19.53
19.31
19.01
19.15
19.20
19.26
19.28
19.24
19.42
19.86
19.81
19.21
19.34
19.15
20.11
20.82
20.62
20.35
18.91
19.40
18.65
18.99
19.88
20.23
19.73
20.86
19.89
18.02
18.12
19.63
19.50
19.74
20.56
20.15
20.89
21.29
21.85
21.32
21.87
23.33
23.13
22.48
22.53
23.69
23.13
21.64
21.67
21.06
21.55
23.04
24.30
24.20
23.57
22.94
23.78
25.64
22.86
21.79
23.77
22.90
24.98
25.63
26.37
26.18
26.38
25.77
26.94
26.17
25.82
25.58
25.66
26.22
26.37
24.80
25.73
26.09
26.92
27.14
26.10
26.52
26.20
26.21
26.03
26.74
27.00
27.67
27.68
27.61
27.34
27.58
27.61
27.23
27.10
27.54
27.54
27.78
27.98
27.82
28.07
27.78
27.86
27.35
26.90
26.73
25.64
25.39
25.92
25.85
26.20
25.52
26.06
25.64
26.09
25.86
25.54
25.66
26.36
27.58
26.13
24.93
25.48
25.16
25.20
25.79
25.93
26.11
25.97
26.90
27.27
27.73
27.68
28.03
27.81
27.92
28.30
28.90
28.55
28.55
29.04
29.02
28.63
27.40
27.85
27.36
27.65
27.99
27.72
27.28
27.91
28.24
28.38
28.21
28.56
28.11
28.26
28.28
28.81
29.30
29.87
30.47
29.98
29.89
30.00
29.40
29.21
29.28
29.69
29.00
29.93
29.59
28.50
28.74
28.80
29.80
30.05
31.63
30.45
30.64
30.19
30.01
29.12
28.57
28.12
28.24
28.87
28.83
28.72
28.94
29.55
29.13
29.00
29.57
28.83
27.88
28.23
28.48
29.03
29.33
29.33
28.74
29.38
28.67
27.30
28.72
28.54
29.43
28.40
27.83
27.34
28.06
27.75
27.02
27.24
27.69
28.02
28.19
27.74
27.65
28.24
28.62
28.15
28.80
28.31
28.88
28.62
28.43
28.52
28.29
28.34
29.28
29.91
30.49
31.06
31.91
32.56
32.85
33.02
34.90
32.35
31.48
31.54
33.16
33.54
33.42
34.03
34.46
34.14
34.35
33.36
34.71
34.55
35.19
35.22
35.79
35.90
36.10
36.35
36.41
36.13
35.90
35.29
34.69
34.64
35.03
35.05
34.48
34.61
34.73
34.64
34.61
34.26
33.14
32.74
33.50
33.92
33.58
33.38
33.27
34.09
34.36
34.40
34.23
33.96
33.86
33.76
34.62
33.54
33.32
34.18
35.60
36.04
36.59
36.76
37.22
36.53
35.52
34.37
34.85
36.01
31.57
30.85
30.71
30.12
31.09
31.22
30.75
30.24
30.10
30.03
30.30
30.04
30.03
29.66
29.89
29.56
29.71
29.70
29.46
29.49
29.70
29.68
29.14
28.81
28.69
28.48
28.87
28.70
28.79
28.98
29.12
28.81
28.63
28.67
28.62
28.56
28.65
28.50
28.70
28.42
28.13
28.30
28.61
28.21
28.28
28.27
28.10
28.18
28.09
27.88
28.24
28.77
28.94
28.90
29.64
29.72
29.33
29.05
29.45
29.19
28.95
29.71
29.41
29.93
30.24
30.99
31.01
31.36
31.15
31.05
30.51
30.02
29.76
29.94
29.56
29.24
29.70
29.86
29.91
30.05
29.79
29.67
29.87
29.86
29.36
29.55
29.47
30.00
29.98
30.44
30.48
30.69
30.86
30.35
29.97
29.96
29.94
29.58
30.02
30.37
30.62
30.42
30.79
31.12
30.55
30.49
30.28
30.54
30.84
30.90
30.73
30.97
31.03
31.00
30.90
30.84
30.57
30.68
30.70
30.68
30.52
30.68
30.60
30.39
29.94
30.13
30.17
29.09
28.86
28.79
28.96
28.98
28.34
28.61
28.63
28.60
28.43
28.06
28.30
28.50
28.58
28.32
28.01
27.86
27.89
27.75
27.84
27.58
28.04
27.94
28.22
28.52
27.90
27.93
27.34
27.35
27.32
26.82
27.25
27.18
27.42
27.72
27.76
27.80
27.49
28.02
27.82
27.95
28.71
28.96
29.22
29.31
28.75
28.63
28.91
29.58
29.17
29.04
28.89
29.35
29.24
29.64
29.59
29.97
30.82
30.84
30.41
30.57
30.65
31.22
31.08
30.78
30.63
31.06
30.73
31.15
31.26
31.26
30.65
29.76
29.80
30.00
29.65
29.63
29.70
29.91
29.86
29.86
29.99
29.53
29.83
30.13
29.99
29.71
30.19
30.14
29.54
29.60
29.56
29.19
28.82
28.96
29.10
29.36
29.23
29.23
29.42
29.44
29.34
29.69
29.66
29.97
29.91
29.52
29.31
29.14
29.13
29.28
29.19
29.17
29.11
28.78
28.86
28.77
28.85
28.71
28.78
28.66
28.35
28.49
28.33
28.28
28.43
28.30
28.48
28.35
28.50
28.24
28.48
28.34
27.58
27.46
27.69
27.80
27.76
27.92
27.39
27.37
27.32
27.35
27.47
27.18
26.91
26.81
26.83
27.24
27.01
26.74
26.74
26.58
25.99
25.82
25.90
25.43
25.53
25.48
25.51
25.69
25.89
25.87
25.85
25.92
25.84
25.71
25.82
25.65
26.01
25.66
25.05
24.70
24.61
24.55
24.52
24.43
24.37
24.49
24.39
24.28
24.40
24.19
24.12
24.02
24.07
24.08
24.58
24.12
24.00
24.01
24.08
23.44
22.82
22.59
22.29
22.28
22.37
22.79
23.37
23.43
23.39
23.45
23.48
23.53
23.54
23.32
22.96
22.89
22.65
22.85
23.06
22.61
22.54
22.14
21.97
22.01
21.59
21.73
21.96
22.15
22.03
22.15
22.55
22.72
22.87
22.74
23.26
23.55
23.77
23.57
22.99
23.11
22.48
22.79
22.84
22.89
23.16
23.10
23.14
23.71
23.67
23.75
23.85
23.66
23.35
23.99
24.49
24.32
24.23
26.97
27.08
27.09
27.07
27.05
27.05
27.11
26.94
27.03
27.08
27.10
27.29
27.23
27.61
27.66
27.88
27.60
27.67
27.30
27.03
26.95
27.01
27.01
26.71
27.08
27.08
27.74
27.70
27.35
27.34
27.20
27.04
27.18
27.06
27.27
26.99
26.90
26.92
26.81
27.02
26.98
26.95
26.75
26.59
26.73
26.53
26.72
26.67
26.85
26.60
26.41
26.63
26.62
26.96
27.01
26.95
27.51
27.48
27.97
27.96
27.91
27.82
27.23
26.56
26.41
26.34
26.41
27.01
26.87
26.74
26.90
27.03
27.25
27.01
26.65
26.93
26.89
26.96
26.77
26.25
26.15
26.41
26.51
26.68
26.52
26.71
26.87
26.76
26.82
26.88
27.08
27.00
27.29
27.70
27.71
27.71
27.67
27.90
27.93
27.82
27.73
27.68
27.79
27.79
27.80
27.92
28.06
28.07
28.12
27.85
27.48
27.33
27.36
27.15
26.94
26.98
26.94
26.72
26.53
26.60
25.93
25.61
25.61
25.10
25.22
24.97
24.95
24.89
24.91
25.05
24.56
24.49
24.68
24.71
24.31
24.49
24.51
24.67
24.77
24.66
25.04
25.36
25.71
25.91
25.61
25.39
25.37
25.40
25.31
25.49
25.80
26.07
26.09
26.34
26.37
26.52
26.54
26.62
26.62
26.80
26.94
27.06
27.21
27.38
27.17
27.06
26.81
27.06
26.90
26.84
26.84
26.79
26.85
26.89
26.82
27.03
26.98
27.08
26.98
27.41
27.22
27.80
27.29
27.16
26.76
25.90
25.81
25.78
25.75
25.61
25.72
25.69
25.99
26.30
26.00
25.79
25.71
26.04
25.79
25.53
25.24
25.15
24.64
24.58
24.97
24.66
24.85
25.06
25.22
25.09
25.07
25.22
25.17
25.11
25.08
24.98
25.27
25.22
25.40
25.31
25.36
25.49
25.40
25.55
25.33
25.38
25.70
25.71
25.73
25.99
25.83
25.75
25.68
25.80
25.74
25.88
25.75
25.50
25.31
25.23
25.03
24.84
24.89
25.04
25.23
25.33
25.20
25.34
25.13
25.23
24.88
24.82
24.66
24.95
25.07
25.05
24.48
24.66
24.71
24.45
24.58
25.01
25.23
24.92
25.03
25.07
24.66
24.47
24.22
24.11
24.24
24.25
24.04
24.14
24.40
24.24
23.99
24.19
24.35
24.53
24.64
24.82
25.10
25.08
25.45
25.43
25.39
25.40
25.17
25.21
25.30
25.19
25.19
25.22
25.33
25.18
25.24
25.25
25.64
25.71
25.87
26.00
25.93
26.03
26.10
26.25
26.19
26.27
26.17
26.37
26.42
26.25
26.35
26.54
25.95
26.07
25.76
25.76
25.95
25.84
26.21
26.03
26.40
26.68
26.77
26.69
26.60
26.82
26.85
26.84
26.87
26.80
26.75
26.89
26.85
26.85
27.01
26.87
26.84
27.00
27.01
27.00
27.15
27.22
27.05
27.10
27.08
27.13
27.01
27.26
27.10
27.16
27.27
26.95
26.75
26.64
26.56
26.62
26.52
26.75
27.03
27.13
27.25
27.33
27.34
30.16
29.89
29.92
29.43
29.18
29.21
28.38
28.65
28.26
28.16
28.12
28.11
27.86
27.71
27.67
28.30
28.81
28.22
28.53
28.07
27.97
28.04
28.19
27.83
28.20
28.10
28.54
28.39
28.15
28.44
27.82
27.59
27.26
27.21
27.17
27.39
27.19
27.28
27.45
27.44
27.39
27.22
27.36
27.37
27.53
27.34
27.30
27.30
27.29
27.46
27.40
27.23
27.29
27.30
27.50
27.46
27.21
27.40
27.27
27.13
27.35
26.93
27.22
27.03
27.01
27.23
27.39
27.30
27.26
27.38
28.16
28.01
28.38
28.27
28.45
28.78
28.34
28.70
28.36
28.38
29.07
29.89
28.00
27.62
28.18
28.05
27.40
27.91
27.67
27.78
27.88
27.67
28.32
28.62
28.70
28.57
28.18
28.60
28.48
28.48
28.20
28.15
28.22
27.77
27.31
27.34
26.99
26.55
26.38
26.40
26.28
26.02
26.03
26.05
26.12
26.13
26.14
26.16
25.99
25.71
26.05
25.97
25.75
26.03
25.70
25.47
26.00
25.82
25.87
26.09
25.63
26.03
26.16
26.32
26.35
26.19
26.59
26.51
27.01
27.16
27.45
27.40
25.51
25.36
25.65
25.08
25.33
25.53
25.39
25.68
25.48
25.82
25.74
25.77
25.81
25.48
24.95
25.20
25.21
25.25
25.11
24.60
24.38
24.65
24.48
24.77
24.96
25.25
25.26
25.30
25.38
25.18
25.65
25.80
26.31
26.23
26.33
26.35
26.61
26.63
26.47
26.59
26.90
26.61
26.73
26.66
26.92
26.90
26.72
26.98
27.09
26.97
26.87
27.19
27.03
27.06
27.22
27.40
27.61
27.84
27.81
28.30
28.64
28.49
28.28
28.36
28.13
27.98
27.71
27.55
27.52
27.55
27.67
28.03
28.39
28.17
28.19
27.73
27.58
27.42
27.41
27.21
27.05
27.14
27.17
27.16
27.49
27.10
27.04
26.83
27.05
26.69
26.59
26.45
26.44
26.12
25.96
25.72
25.82
25.95
25.90
25.50
25.61
25.87
25.33
25.33
25.17
25.29
25.33
25.39
25.70
25.86
25.85
26.01
26.12
26.38
26.26
26.15
26.59
26.35
26.37
27.01
27.16
27.09
26.91
27.27
28.72
29.03
29.35
28.95
29.28
28.91
29.20
28.66
28.98
28.91
29.22
29.36
29.01
29.15
29.16
28.45
28.03
28.59
28.41
28.27
28.47
29.61
29.12
29.39
29.76
28.49
28.76
28.41
28.37
27.48
27.66
28.03
28.65
28.39
28.23
28.10
27.42
26.70
26.46
26.50
26.51
26.31
26.31
26.78
26.65
26.30
25.85
25.56
25.61
25.66
25.79
25.71
25.61
25.88
25.72
25.54
26.31
26.15
26.33
26.60
26.46
26.88
26.94
26.28
26.78
26.42
26.28
26.87
27.11
27.14
27.56
27.47
27.63
26.95
27.25
27.56
27.26
27.02
26.69
26.50
25.59
25.94
25.95
25.39
25.64
25.65
26.14
26.34
26.09
25.98
25.64
24.80
25.20
24.97
24.67
23.94
23.72
24.44
24.47
24.99
24.75
24.98
24.73
24.47
24.78
24.25
24.20
24.20
24.63
24.86
25.40
25.88
25.85
26.08
26.04
26.15
25.90
25.75
26.11
25.86
26.25
25.65
25.54
25.73
25.95
25.39
25.33
25.48
25.75
25.06
25.61
24.77
25.60
24.68
24.27
24.89
24.71
25.61
25.31
26.23
25.76
25.99
25.10
24.46
24.25
24.67
24.94
25.46
25.60
25.55
26.75
26.02
25.98
25.89
24.52
24.68
23.72
22.81
23.06
23.31
22.95
23.17
23.07
23.58
24.02
23.74
23.90
24.07
23.54
24.44
24.29
24.77
24.82
24.62
47.25
46.41
46.55
47.30
46.80
47.88
46.86
47.83
47.80
47.93
47.45
50.16
48.73
49.69
49.32
52.03
51.95
51.59
51.87
52.94
56.32
57.00
56.33
56.52
55.10
54.72
55.37
54.92
54.02
53.59
52.30
52.74
53.01
53.28
54.03
53.54
53.05
53.49
53.25
53.84
54.42
53.00
53.68
55.00
53.85
53.56
55.00
54.87
56.95
56.13
57.28
58.65
58.43
57.60
57.64
58.06
57.45
56.98
55.01
55.55
56.95
56.60
55.99
54.24
54.10
55.07
56.00
56.20
56.99
55.78
56.75
52.43
53.19
52.20
52.15
53.40
51.25
53.36
51.43
51.43
51.97
52.60
52.28
50.39
51.26
48.25
47.36
44.00
44.23
44.75
43.81
45.39
45.30
46.10
44.32
44.87
46.04
47.11
46.40
44.83
46.60
47.71
46.68
46.72
48.67
47.60
46.90
48.15
50.23
48.54
47.25
47.75
47.50
47.45
48.52
50.14
48.89
50.48
52.33
52.50
52.66
52.85
51.56
51.38
50.04
49.43
49.96
47.25
47.99
47.61
48.15
47.11
47.00
44.90
44.29
45.51
47.58
47.61
47.55
46.85
43.74
45.45
41.75
46.49
48.95
49.87
52.06
52.52
51.31
51.39
53.37
52.04
53.69
53.31
54.41
53.09
51.24
52.38
54.12
54.55
54.60
51.05
54.70
52.09
53.40
54.37
55.47
55.53
55.66
53.15
54.84
52.58
53.24
51.65
49.89
51.50
50.43
49.50
50.99
52.90
51.64
51.65
53.59
54.14
53.70
51.87
53.95
55.50
56.21
54.71
54.49
54.40
50.45
52.53
54.40
51.27
49.18
49.44
51.26
52.64
52.16
52.10
51.47
54.07
52.90
53.85
55.70
56.52
57.44
56.79
57.95
56.40
56.00
55.15
55.89
55.12
57.33
54.30
56.89
55.98
57.44
58.90
59.83
59.95
58.80
59.10
60.48
61.05
60.21
61.40
62.18
62.74
61.00
62.14
62.08
62.52
63.51
63.63
63.67
62.91
63.00
61.24
59.05
58.78
59.07
59.10
57.94
58.05
59.72
59.40
59.91
61.70
62.00
60.26
60.49
60.01
60.12
60.30
61.61
60.80
62.40
64.15
63.06
62.45
63.90
64.23
64.19
64.10
64.05
66.61
67.10
68.53
68.85
68.66
68.30
69.52
68.48
69.72
68.69
69.75
69.25
67.11
66.65
67.84
68.23
67.98
67.42
67.72
68.01
69.15
68.62
68.92
67.17
66.02
67.13
67.16
67.66
67.52
68.25
67.98
66.49
65.00
63.83
64.66
63.12
63.17
64.79
64.99
64.38
64.36
66.45
66.25
66.36
66.10
68.23
66.80
64.70
64.34
64.46
64.22
62.70
61.86
61.93
60.08
59.30
58.92
62.10
62.32
60.61
60.50
60.47
57.90
57.40
56.34
59.12
57.87
55.90
55.70
55.76
53.60
57.50
56.80
56.16
56.92
52.48
51.63
50.94
49.62
50.10
51.51
52.27
50.65
47.92
52.35
54.46
53.41
54.02
54.92
56.11
56.56
56.18
57.19
56.85
59.04
61.05
62.34
61.90
59.60
60.67
61.13
62.70
61.66
63.78
62.84
64.71
65.75
65.24
64.77
64.98
66.51
66.04
66.53
67.30
67.21
66.80
66.01
65.65
66.05
67.12
66.26
67.00
69.24
68.03
71.22
70.60
70.66
71.45
71.40
70.70
64.21
65.90
66.20
68.30
70.22
70.30
72.05
72.60
71.55
69.86
67.82
69.10
70.00
69.15
67.14
68.21
67.95
67.51
70.22
72.05
71.02
72.85
73.70
72.12
72.89
70.76
70.55
69.60
69.49
69.56
70.80
71.66
69.94
70.39
69.45
68.05
67.69
69.10
67.70
68.74
69.13
69.96
71.13
71.24
71.75
70.83
68.00
69.25
71.00
67.66
68.53
69.53
70.07
67.57
68.20
68.11
70.30
65.81
63.39
60.52
61.40
59.56
60.65
57.95
56.57
56.38
53.75
53.38
55.31
54.81
55.75
55.38
57.38
56.06
57.12
54.94
50.56
52.25
54.56
54.50
52.50
55.31
52.50
52.19
54.69
57.94
60.31
59.88
58.62
57.25
57.50
58.56
59.56
59.38
57.62
54.44
56.31
55.25
57.38
57.00
59.00
57.62
59.62
58.81
61.31
63.75
62.00
62.06
60.75
62.50
60.81
63.00
64.50
63.56
61.00
62.75
61.00
59.75
60.75
60.00
53.69
53.62
53.38
54.88
53.00
51.00
50.00
48.94
48.50
47.81
43.19
44.12
43.94
45.12
46.12
46.88
44.75
40.75
42.81
47.44
49.00
51.05
57.94
60.50
57.81
55.50
54.62
53.44
60.00
59.19
57.25
58.06
62.00
66.81
69.38
71.44
69.00
66.06
67.38
68.12
69.44
69.44
69.06
68.00
66.69
69.94
68.50
71.12
69.75
68.69
69.25
70.38
68.50
69.00
67.50
64.69
61.00
61.94
62.62
64.62
61.31
58.44
49.62
51.88
53.50
53.88
56.31
54.00
53.94
55.62
55.81
55.50
56.38
59.56
60.50
61.00
60.81
63.44
60.94
63.25
61.12
64.00
64.88
63.62
64.25
65.44
68.69
67.56
68.75
69.12
70.38
70.00
70.06
70.00
70.00
70.88
70.69
71.19
70.19
70.69
70.62
70.81
70.81
70.69
71.12
71.12
71.88
72.00
72.31
72.44
73.81
73.75
70.06
70.19
69.44
68.19
68.56
69.94
70.19
70.94
67.88
69.06
70.81
72.06
74.75
73.44
76.06
77.62
78.25
79.50
78.81
78.25
78.81
80.69
81.27
78.88
79.88
79.69
77.06
78.25
79.00
79.25
77.50
79.94
81.38
77.00
73.88
72.56
72.62
70.81
69.81
66.75
69.00
69.62
71.56
69.25
68.19
66.02
66.00
64.38
63.64
62.44
62.06
64.56
63.12
63.88
65.12
65.38
68.06
68.88
69.56
69.00
68.44
66.62
67.75
70.19
70.94
70.25
70.31
70.38
72.81
72.88
70.75
67.44
70.00
68.75
67.25
78.62
81.44
76.50
74.25
79.12
80.88
82.12
85.12
88.62
87.00
87.88
88.25
91.56
94.44
106.00
106.19
105.19
103.62
107.77
112.62
106.81
102.81
96.75
98.75
95.25
95.94
94.56
98.62
97.62
99.56
95.31
93.81
96.12
96.00
94.75
91.81
89.62
91.75
90.25
94.69
94.25
93.50
95.12
100.00
98.50
99.25
99.75
101.23
104.88
103.89
109.44
106.44
106.81
104.38
102.06
102.44
98.50
97.62
98.12
99.89
102.44
101.00
103.80
107.00
107.06
110.50
111.81
107.19
104.38
108.50
111.50
113.44
108.62
112.19
111.12
113.56
117.38
117.50
117.88
116.94
118.75
118.44
117.25
116.30
112.38
114.81
116.62
109.25
98.56
96.19
93.61
93.38
92.00
93.12
94.75
95.25
95.81
93.06
91.06
89.75
90.12
91.62
89.56
89.25
89.62
84.44
84.94
86.44
86.94
88.25
89.75
88.25
88.12
89.75
84.81
91.81
92.31
92.94
92.75
93.25
91.44
90.00
91.50
94.38
92.00
93.56
90.56
91.56
88.25
87.19
89.50
90.88
92.00
94.00
94.62
93.50
93.69
92.31
92.75
90.50
90.19
90.00
91.56
91.25
92.00
90.19
96.88
94.75
96.56
96.00
94.38
92.88
95.50
93.69
94.50
95.06
92.44
93.69
94.88
93.75
91.50
92.31
91.81
92.88
95.06
95.38
93.62
87.06
84.31
84.00
84.56
84.44
85.44
85.06
82.94
83.94
84.00
83.56
85.62
86.06
85.38
85.12
85.88
85.69
87.62
88.69
89.19
88.81
88.88
91.56
94.38
93.62
96.44
100.00
95.50
95.00
93.75
93.12
93.19
92.38
91.81
90.06
92.25
90.88
89.88
87.75
86.69
85.50
85.38
85.75
85.94
88.44
84.88
82.31
80.69
79.06
78.06
78.75
80.00
81.88
80.12
79.88
79.94
76.94
78.38
78.06
80.62
78.75
78.25
77.19
76.75
77.88
78.50
79.56
79.88
79.81
77.38
78.88
81.12
80.75
80.75
79.88
79.62
80.69
79.12
80.50
81.44
82.75
82.38
85.31
88.75
87.19
85.00
85.00
82.12
82.25
86.88
89.06
87.31
90.81
93.12
91.62
94.25
93.25
94.88
95.19
94.31
91.25
94.50
93.38
90.12
178.94
173.06
167.00
172.69
172.94
173.88
166.44
169.06
165.50
160.56
162.62
161.00
162.31
159.88
155.50
154.75
151.12
149.00
151.88
149.56
152.38
152.38
156.44
152.94
148.25
147.44
150.94
152.94
159.75
161.69
162.75
159.88
164.94
162.56
160.25
168.12
166.38
172.50
175.44
174.75
171.75
172.50
165.50
161.69
155.62
161.75
166.94
151.38
142.94
145.25
136.00
148.12
150.88
152.19
149.75
149.50
141.88
139.61
139.19
140.88
142.56
143.00
143.62
140.38
140.50
138.62
135.00
134.19
132.50
129.31
132.75
131.00
133.12
132.12
132.88
127.69
124.94
126.88
129.19
120.25
129.38
125.12
122.69
118.69
112.50
112.75
109.06
109.56
109.00
111.31
108.44
110.25
113.44
110.12
109.19
106.06
105.31
105.81
105.50
106.38
107.25
105.44
104.88
107.75
106.81
109.00
106.00
104.88
103.25
104.12
106.00
100.12
95.88
99.50
99.25
93.19
90.56
97.38
102.50
102.50
103.38
108.06
112.31
111.81
113.00
109.12
113.12
109.62
108.44
102.50
105.75
105.31
107.88
105.88
104.94
101.12
100.00
102.25
100.00
99.69
98.75
101.81
95.25
104.88
108.25
110.56
111.25
111.38
110.31
111.12
110.12
112.25
107.88
103.50
104.69
104.12
104.31
102.88
105.81
107.44
103.75
104.12
108.62
109.12
112.94
111.94
113.25
116.00
113.12
113.75
116.31
112.00
116.88
118.19
117.50
118.06
116.00
118.25
114.12
111.12
110.00
108.12
107.81
106.88
108.81
109.12
105.25
105.50
102.25
105.88
101.69
95.81
94.75
92.88
90.81
89.94
86.31
84.69
84.88
86.44
86.62
85.31
85.62
85.88
84.69
85.88
84.06
83.88
86.38
85.75
82.88
85.31
86.62
85.81
86.12
85.81
84.50
90.12
85.88
88.69
83.25
86.12
81.88
86.19
87.50
87.62
89.19
90.19
91.50
90.06
92.12
89.50
93.50
97.25
96.00
94.69
92.38
91.50
90.38
89.25
88.69
88.81
87.94
86.75
89.31
92.62
92.00
90.69
89.81
88.62
88.06
89.38
88.50
90.50
84.19
81.19
82.12
81.50
80.06
81.69
82.44
82.44
82.50
82.00
81.19
82.50
80.31
79.25
82.44
82.62
85.88
85.56
85.50
83.44
83.38
80.94
155.50
155.50
154.62
158.50
158.62
158.06
159.38
157.25
158.75
155.38
158.12
155.88
155.12
151.75
148.62
148.94
146.25
142.38
139.88
138.75
135.56
137.25
134.12
132.38
130.38
132.12
129.50
124.62
130.06
128.62
129.88
129.75
131.25
129.62
131.00
126.44
122.38
118.88
123.75
127.06
129.12
128.75
134.50
139.88
135.88
136.44
137.75
140.38
142.25
145.00
143.50
142.12
144.75
141.69
143.56
141.94
141.25
139.00
135.88
137.12
137.81
135.25
133.62
134.94
134.50
131.62
130.06
130.12
130.44
131.62
130.06
133.25
134.50
134.00
131.62
131.00
129.50
133.75
132.25
134.88
136.88
132.00
138.38
136.12
133.00
133.12
136.12
135.75
137.12
137.00
138.31
138.50
136.62
135.00
135.88
134.94
133.75
132.50
134.44
133.50
133.62
132.88
135.62
133.56
135.00
132.25
134.25
136.62
131.75
135.62
136.88
135.00
138.88
139.25
137.75
139.06
136.00
137.62
133.12
132.06
133.50
135.25
136.00
137.88
135.25
141.62
139.00
134.75
133.00
135.50
136.00
138.12
139.38
140.00
142.81
144.31
143.31
142.25
140.25
141.38
142.00
140.75
136.75
139.25
138.50
138.38
145.25
136.88
140.88
145.00
150.50
142.38
138.06
130.81
130.25
130.50
132.50
129.38
130.62
130.06
125.62
126.44
127.88
129.12
130.12
132.88
129.50
129.88
129.38
128.38
133.25
131.50
129.62
126.75
126.75
124.81
125.12
124.88
121.38
120.27
120.62
123.38
125.00
117.50
127.25
127.25
122.75
121.38
121.00
120.62
115.88
116.12
116.38
116.00
118.38
118.38
117.50
118.00
115.25
116.38
119.38
119.62
122.00
122.00
118.62
117.38
113.75
113.50
116.62
110.62
107.62
107.00
104.00
98.50
96.62
97.88
94.75
95.50
97.75
99.12
96.62
95.62
93.75
91.00
92.88
90.12
93.12
95.12
90.75
90.62
93.12
96.50
96.62
97.75
100.62
98.50
99.75
98.25
97.75
99.62
97.12
98.38
100.75
99.50
99.25
97.00
96.12
100.25
99.50
100.00
94.25
94.88
96.88
97.38
97.62
99.38
100.50
98.38
98.25
100.75
98.38
98.25
103.12
102.38
102.62
101.88
98.25
96.75
98.38
96.50
95.12
98.12
95.12
90.62
87.00
85.62
85.00
85.62
84.25
85.12
82.00
83.75
85.00
84.50
84.62
82.25
83.12
84.00
85.38
85.50
85.25
84.12
84.12
85.50
84.00
81.38
76.62
80.25
81.12
85.00
81.00
84.38
78.38
149.00
153.38
155.12
158.38
157.50
155.50
154.12
154.00
151.12
150.75
154.50
156.00
150.50
149.38
150.75
145.25
143.62
144.00
143.38
143.38
144.75
141.38
138.50
137.25
137.25
136.38
135.38
136.88
136.69
136.62
134.88
132.62
133.12
134.75
134.00
138.25
138.75
138.75
137.38
134.62
133.75
136.00
137.75
136.38
134.62
134.75
132.88
131.75
133.50
132.50
135.75
137.50
137.50
137.62
137.00
136.50
134.00
132.88
131.12
129.62
125.50
123.94
124.75
122.50
122.00
122.75
123.38
122.00
124.25
125.25
125.00
123.12
123.38
124.88
124.12
122.50
123.75
123.88
125.12
124.75
123.88
125.00
124.25
124.75
124.12
124.38
121.62
123.50
122.12
117.88
119.00
117.88
119.25
119.50
116.00
109.50
120.00
121.02
117.75
117.25
117.75
110.25
112.38
115.19
118.25
120.00
120.88
118.50
120.12
121.62
122.38
120.25
120.50
120.50
121.88
124.25
124.00
122.38
122.00
122.50
124.50
123.12
124.75
125.12
122.88
120.75
121.00
117.62
121.75
118.00
118.62
118.75
118.56
117.25
117.38
118.75
118.50
116.88
115.00
116.75
117.38
117.88
116.00
119.00
119.25
115.00
114.38
114.25
112.88
111.62
111.00
112.50
115.12
112.88
112.62
113.38
112.75
111.50
113.00
112.75
110.50
111.62
106.00
105.25
104.25
101.00
101.12
101.50
101.50
104.00
102.50
104.62
104.12
102.75
103.14
102.38
101.88
103.25
99.38
101.50
101.12
104.25
106.25
106.38
102.38
100.00
101.12
98.23
96.25
95.12
95.50
97.12
98.25
96.00
96.00
98.38
99.00
100.75
100.75
103.00
102.62
100.00
97.75
97.25
98.75
98.50
100.12
97.75
99.75
98.75
96.62
96.00
96.50
92.75
94.00
92.25
90.75
90.88
90.75
89.12
91.38
89.88
91.38
91.62
90.25
85.50
84.75
83.62
85.88
86.50
83.50
80.50
86.00
86.50
86.25
87.25
89.12
87.88
87.25
88.25
90.38
90.25
90.12
87.75
91.12
87.38
88.38
89.12
92.25
91.12
93.00
94.50
92.62
91.12
86.12
87.88
86.12
87.12
89.50
91.88
87.00
88.62
87.62
88.38
85.88
88.38
90.00
90.50
94.38
95.88
96.62
98.50
96.50
93.88
96.50
97.00
100.00
98.62
100.12
103.00
99.25
97.50
95.75
97.62
96.38
95.00
96.50
95.25
98.25
87.25
85.75
88.50
87.00
85.88
81.25
84.88
87.50
86.00
88.12
88.12
90.50
91.62
89.00
88.00
90.38
90.50
89.88
91.25
93.50
92.00
93.25
94.75
96.12
96.12
97.75
95.38
93.75
94.25
95.25
90.88
91.75
93.38
92.88
90.12
94.38
96.38
98.12
100.00
95.12
97.50
99.69
98.88
98.38
99.25
96.88
94.75
97.00
97.75
94.12
94.50
91.38
88.00
91.00
90.75
93.12
96.00
96.50
97.62
95.50
92.62
94.00
95.25
97.00
107.00
107.75
98.25
100.12
96.75
99.00
96.00
92.88
90.62
91.62
90.88
89.62
88.00
86.75
89.50
91.00
90.75
90.62
91.88
90.38
87.25
85.00
84.00
83.38
84.12
84.62
83.75
84.12
82.88
84.88
82.62
83.75
85.00
83.25
88.00
89.19
87.88
89.12
87.50
85.38
84.25
85.62
85.25
81.50
80.62
81.38
79.12
80.12
80.00
79.88
81.38
81.50
80.25
82.12
81.88
78.88
79.62
79.75
77.62
75.38
75.62
76.50
76.62
77.38
75.50
71.75
72.12
71.62
69.50
70.25
70.62
69.88
70.25
71.00
71.75
72.50
73.62
72.88
72.75
73.25
71.38
70.50
71.25
70.12
70.50
70.00
71.75
69.38
68.62
67.88
68.50
65.75
64.38
63.25
63.62
63.25
63.12
61.88
61.38
61.38
61.25
59.75
60.50
60.75
60.88
60.12
62.12
62.00
62.00
62.12
61.25
60.75
60.12
59.50
58.75
59.38
59.12
60.12
60.12
60.88
61.62
63.00
61.00
62.88
64.50
64.88
64.75
63.25
62.00
61.25
61.12
60.62
60.88
59.88
60.88
60.25
61.50
61.88
60.88
60.75
61.00
60.62
61.50
60.25
62.62
63.38
63.62
63.38
62.50
63.38
63.12
62.50
63.12
63.50
63.25
63.38
62.75
62.62
64.25
63.62
62.50
61.75
61.62
63.25
64.50
64.12
64.62
64.75
64.50
62.75
62.25
63.50
64.25
61.88
61.50
62.62
63.00
62.75
62.75
62.25
61.62
61.12
59.88
58.75
59.50
59.25
58.25
56.62
55.25
56.00
57.25
56.62
55.88
55.12
54.38
54.62
55.50
54.88
56.00
56.12
56.50
56.88
56.62
55.50
56.00
56.88
57.25
56.31
56.88
57.12
58.00
57.62
57.75
56.38
57.12
56.12
57.00
56.25
55.88
56.50
57.00
58.38
57.00
57.38
56.38
55.88
55.50
54.62
55.00
55.88
55.88
55.38
54.88
55.50
55.38
53.88
53.50
53.00
52.38
52.62
53.50
53.75
53.75
51.62
49.88
49.50
50.38
51.12
50.62
48.50
48.62
50.00
50.62
51.50
48.75
49.38
48.25
48.25
49.62
49.88
48.50
48.56
50.38
51.62
51.75
51.38
52.00
49.75
50.00
51.50
52.75
52.12
52.50
53.50
54.25
53.62
53.12
52.62
52.25
51.88
53.62
54.00
52.62
52.50
53.25
53.50
52.25
51.75
52.75
51.00
51.25
49.00
98.00
97.25
95.25
95.00
96.25
97.50
93.50
94.00
93.00
91.75
93.25
95.25
93.75
95.25
92.75
92.00
95.25
94.50
92.00
92.00
89.50
88.50
87.00
84.75
83.50
84.50
84.75
86.75
87.00
89.75
89.25
87.50
85.25
82.50
83.50
82.75
86.50
87.50
87.00
85.75
85.25
82.25
85.00
84.50
84.75
85.00
84.00
82.50
81.00
81.50
81.25
81.25
81.25
81.00
83.00
81.75
83.00
81.25
80.25
80.00
79.75
80.00
78.50
79.00
80.25
79.75
79.00
79.25
79.75
78.50
80.50
79.75
84.00
84.25
84.75
85.00
85.25
84.50
84.00
85.00
85.25
86.00
86.25
83.25
83.75
85.25
85.25
85.50
84.75
85.00
85.00
85.00
84.25
82.62
80.25
80.25
80.50
81.00
81.75
82.75
80.50
80.75
81.00
82.25
82.00
81.00
80.50
80.00
80.00
81.00
81.50
81.25
83.50
83.00
85.00
85.00
83.75
82.00
80.50
78.50
79.00
79.00
77.50
77.75
79.75
79.75
80.75
82.75
81.00
82.00
81.75
81.25
80.00
79.00
79.00
76.25
78.75
80.00
81.25
80.25
79.50
79.75
79.50
80.50
80.50
79.25
78.75
80.50
82.00
81.00
82.25
83.75
83.75
84.25
84.50
84.25
85.00
83.25
82.75
82.50
82.50
82.75
83.75
82.25
81.75
78.50
77.25
76.00
75.50
76.25
75.50
76.75
75.75
76.00
78.50
77.00
75.00
74.00
75.75
76.50
77.25
75.25
73.75
72.50
72.25
73.50
75.00
76.50
75.50
73.50
77.25
77.75
78.00
75.75
74.00
72.50
71.25
73.00
73.25
74.75
73.50
73.25
73.00
74.75
73.00
78.00
76.00
78.50
78.25
77.00
80.75
78.50
79.25
79.50
83.25
84.25
83.00
84.00
84.75
85.00
84.00
82.12
86.75
87.25
88.25
89.25
90.25
88.75
88.50
88.25
88.00
89.25
88.75
90.50
91.50
92.75
93.00
91.00
91.75
91.25
92.75
93.00
94.25
94.00
95.75
95.75
93.00
93.50
95.00
91.50
91.75
92.25
93.50
92.25
90.75
86.75
85.75
86.00
85.75
87.50
88.25
88.50
87.25
89.00
88.00
86.75
85.50
85.00
85.75
83.00
80.50
81.50
83.00
84.50
86.75
86.75
87.00
87.25
88.00
89.00
90.25
88.75
90.00
90.00
91.75
88.75
91.75
92.50
91.25
88.50
86.75
88.00
86.50
83.25
83.50
83.25
85.75
85.75
86.75
88.25
89.25
86.00
85.25
84.50
84.00
82.62
83.50
84.75
84.75
81.75
83.75
84.25
82.50
79.00
78.00
79.75
81.88
81.25
81.00
82.88
85.25
86.25
84.50
86.75
88.50
84.75
87.75
89.50
87.38
86.25
87.50
86.25
87.50
88.50
89.25
89.75
87.75
88.50
89.00
89.50
87.50
92.25
89.50
89.00
87.25
87.25
89.00
87.00
85.00
85.00
86.00
86.75
87.25
87.25
87.25
88.00
91.00
89.75
89.00
87.25
86.50
87.25
86.75
88.50
90.00
91.75
93.75
92.00
91.50
90.75
93.00
92.75
92.50
91.50
92.00
91.25
90.25
94.00
92.25
90.50
92.88
93.00
93.50
93.75
92.75
92.00
92.75
91.75
89.00
88.25
89.50
89.00
89.88
88.75
88.25
90.00
88.50
90.25
90.00
88.25
88.25
85.00
84.75
83.25
84.38
84.75
83.00
83.50
82.25
82.50
82.25
78.50
79.25
80.00
79.75
77.00
76.50
80.25
79.25
77.75
79.00
78.75
81.25
80.50
79.75
81.50
79.75
78.50
78.25
76.75
76.00
76.25
75.75
74.50
74.00
74.25
73.50
72.00
70.25
68.75
69.62
70.50
69.50
69.50
69.00
70.75
71.00
71.25
71.75
71.25
71.00
71.50
71.50
73.75
74.00
72.75
73.50
73.50
74.50
73.50
72.75
71.12
69.75
71.75
